-0.5 -0.066126 -0.5 0 0 0|0 9 0.75|0 0.111111 3 0.111111 5 0.111111 6 0.111111 7 0.111111 8 0.111111 9 0.111111 10 0.111111 11 0.111111 |1 2 0.0115225|2356 0.666667 2381 0.333333 |
0 -0.066126 -0.5 0 0 0|0 9 0.75|0 0.111111 3 0.111111 5 0.111111 6 0.111111 7 0.111111 8 0.111111 9 0.111111 10 0.111111 11 0.111111 |1 1 0.0110908|2356 1 |
0.5 -0.066126 -0.5 0 0 0|0 10 0.833333|0 0.1 2 0.1 3 0.1 5 0.1 6 0.1 7 0.1 8 0.1 9 0.1 10 0.1 11 0.1 |1 2 0.0221816|2356 0.5 2357 0.5 |
-0.499994 1.38432e-05 -0.499994 0 0 0|0 9 0.75|0 0.111111 3 0.111111 5 0.111111 6 0.111111 7 0.111111 8 0.111111 9 0.111111 10 0.111111 11 0.111111 |1 2 0.00363311|2395 0.333333 2561 0.666667 |
-6.29202e-06 1.38432e-05 -0.499994 0 0 0|0 9 0.75|0 0.111111 3 0.111111 5 0.111111 6 0.111111 7 0.111111 8 0.111111 9 0.111111 10 0.111111 11 0.111111 |1 3 0.00459259|2416 0.333333 2560 0.333333 2561 0.333333 |
0.499994 1.38432e-05 -0.499994 0 0 0|0 9 0.75|0 0.111111 3 0.111111 5 0.111111 6 0.111111 7 0.111111 8 0.111111 9 0.111111 10 0.111111 11 0.111111 |1 3 0.00671188|2405 0.333333 2460 0.333333 2560 0.333333 |
-0.499281 0.5 -0.494839 0 0 0|0 6 0.5|2 0.166667 4 0.166667 5 0.166667 6 0.166667 7 0.166667 11 0.166667 |1 6 0.0425812|437 0.166667 1390 0.166667 1393 0.166667 2330 0.166667 2331 0.166667 2360 0.166667 |
0 0.5 -0.49749 0 0 0|0 6 0.5|2 0.166667 4 0.166667 5 0.166667 6 0.166667 7 0.166667 11 0.166667 |1 3 0.0374487|1393 0.333333 1395 0.166667 2330 0.5 |
0.5 0.493874 -0.5 0 0 0|0 8 0.666667|2 0.125 3 0.125 4 0.125 5 0.125 6 0.125 7 0.125 8 0.125 11 0.125 |1 3 0.014497|1676 0.25 1680 0.25 2330 0.5 |
-0.567863 -0.052619 -0.250575 0 0 0|0 9 0.75|0 0.111111 3 0.111111 4 0.111111 5 0.111111 6 0.111111 8 0.111111 9 0.111111 10 0.111111 11 0.111111 |1 3 0.0510702|294 0.333333 320 0.333333 2356 0.333333 |
0 -0.00777606 0 0 0 0|0 8 0.666667|0 0.125 3 0.125 5 0.125 6 0.125 8 0.125 9 0.125 10 0.125 11 0.125 |1 2 0.0247472|2946 0.25 3021 0.75 |
0.432137 -0.052619 -0.250575 0 0 0|0 9 0.75|0 0.111111 2 0.111111 3 0.111111 5 0.111111 6 0.111111 8 0.111111 9 0.111111 10 0.111111 11 0.111111 |1 3 0.0143563|316 0.333333 2357 0.333333 2435 0.333333 |
-0.369192 0.0541612 0.00936288 0 0 0|0 4 0.333333|0 0.25 6 0.25 8 0.25 10 0.25 |1 7 0.0598748|1 0.125 303 0.125 320 0.125 2400 0.25 2615 0.125 2628 0.125 2943 0.125 |
-2.2985e-06 3.2112e-05 -1.32956e-05 0 0 0|0 8 0.666667|0 0.125 3 0.125 5 0.125 6 0.125 8 0.125 9 0.125 10 0.125 11 0.125 |1 2 0.0247472|2946 0.25 3021 0.75 |
0.349431 0.0583556 0.0214467 0 0 0|0 5 0.416667|0 0.2 2 0.2 6 0.2 8 0.2 10 0.2 |1 7 0.0397183|314 0.142857 319 0.142857 2400 0.142857 2405 0.142857 2628 0.142857 2638 0.142857 3045 0.142857 |
-0.5 0.480224 0 0 0 0|1 12 0.103313|294 0.0833333 303 0.0833333 320 0.0833333 421 0.0833333 428 0.0833333 430 0.0833333 649 0.0833333 1070 0.0833333 1248 0.0833333 1265 0.0833333 1393 0.0833333 2157 0.0833333 |
0 0.480224 0 0 0 0|1 9 0.0972184|319 0.0833333 320 0.25 1069 0.0833333 1077 0.0833333 1265 0.0833333 1393 0.166667 1615 0.0833333 1666 0.0833333 1729 0.0833333 |
0.516036 0.5 -0.00216055 0 0 0|1 11 0.0617229|315 0.0833333 317 0.0833333 319 0.0833333 1069 0.0833333 1269 0.0833333 1395 0.0833333 1659 0.0833333 1665 0.166667 1669 0.0833333 1675 0.0833333 2047 0.0833333 |
-0.5 -0.066126 0.5 0 0 0|0 8 0.666667|0 0.125 3 0.125 5 0.125 6 0.125 8 0.125 9 0.125 10 0.125 11 0.125 |1 3 0.0206094|294 0.25 2672 0.5 2697 0.25 |
0 -0.066126 0.5 0 0 0|0 8 0.666667|0 0.125 3 0.125 5 0.125 6 0.125 8 0.125 9 0.125 10 0.125 11 0.125 |1 2 0.0142908|2672 0.75 2947 0.25 |
0.5 -0.0661261 0.5 0 0 0|0 9 0.75|0 0.111111 2 0.111111 3 0.111111 5 0.111111 6 0.111111 8 0.111111 9 0.111111 10 0.111111 11 0.111111 |1 3 0.0240078|312 0.333333 2672 0.333333 2673 0.333333 |
-0.500821 0.000404842 0.50079 0 0 0|0 8 0.666667|0 0.125 3 0.125 5 0.125 6 0.125 8 0.125 9 0.125 10 0.125 11 0.125 |1 4 0.0130381|294 0.25 307 0.25 2686 0.25 2793 0.25 |
-0.00082121 0.000404842 0.50079 0 0 0|0 8 0.666667|0 0.125 3 0.125 5 0.125 6 0.125 8 0.125 9 0.125 10 0.125 11 0.125 |1 4 0.00541933|2671 0.25 2675 0.25 2860 0.25 3022 0.25 |
0.499179 0.000404853 0.50079 0 0 0|0 8 0.666667|0 0.125 3 0.125 5 0.125 6 0.125 8 0.125 9 0.125 10 0.125 11 0.125 |1 4 0.00619657|311 0.25 314 0.25 2656 0.25 2816 0.25 |
-0.499667 0.499781 0.500147 0 0 0|0 4 0.333333|1 0.25 3 0.25 4 0.25 9 0.25 |1 8 0.0593043|291 0.125 430 0.125 1265 0.125 1393 0.125 1648 0.125 2646 0.125 2647 0.125 2676 0.125 |
-0.000411477 0.500029 0.500589 0 0 0|0 2 0.166667|3 0.5 9 0.5 |1 8 0.0609354|314 0.1 650 0.1 1069 0.1 1094 0.1 1647 0.1 1676 0.1 1737 0.1 2646 0.3 |
0.499622 0.501367 0.5 0 0 0|0 6 0.5|1 0.166667 2 0.166667 3 0.166667 8 0.166667 9 0.166667 11 0.166667 |1 5 0.032225|797 0.166667 1268 0.166667 1393 0.166667 1731 0.166667 2646 0.333333 |
