230 537 163 198
1003 1011 134 211
571 192 158 70
1137 1004 134 198
379 665 158 179
835 1004 158 236
120 1081 100 115
633 358 172 217
1320 601 153 153
600 1299 177 153
86 992 153 89
739 768 148 172
1368 921 100 204
979 1216 201 230
62 480 163 243
403 1152 177 300
801 179 196 96
268 320 172 185
1171 761 139 160
446 371 187 160
206 1088 168 172
590 729 139 204
979 422 172 230
595 1081 177 185
1027 684 144 204
724 928 124 256
288 972 129 204
1142 627 177 134
792 1190 182 256
403 505 158 179
350 825 134 153
964 857 139 185
1248 902 120 217
1324 390 148 153
825 364 172 140
801 531 172 147
1008 89 158 256
153 672 129 185
542 563 120 217
211 857 120 192
62 723 120 204
1108 857 148 166
628 89 91 102
412 972 115 179
81 870 129 128
1190 1152 177 134
129 288 153 243
484 787 115 217
681 646 134 204
883 825 110 153
393 108 172 217
1161 243 177 204
259 742 129 185
230 537 163 198
1003 1011 134 211
571 192 158 70
1137 1004 134 198
379 665 158 179
835 1004 158 236
120 1081 100 115
633 358 172 217
1320 601 153 153
600 1299 177 153
86 992 153 89
739 768 148 172
1368 921 100 204
979 1216 201 230
62 480 163 243
403 1152 177 300
801 179 196 96
268 320 172 185
1171 761 139 160
446 371 187 160
206 1088 168 172
590 729 139 204
979 422 172 230
595 1081 177 185
1027 684 144 204
724 928 124 256
288 972 129 204
1142 627 177 134
792 1190 182 256
403 505 158 179
350 825 134 153
964 857 139 185
1248 902 120 217
1324 390 148 153
825 364 172 140
801 531 172 147
1008 89 158 256
153 672 129 185
542 563 120 217
211 857 120 192
62 723 120 204
1108 857 148 166
628 89 91 102
412 972 115 179
81 870 129 128
1190 1152 177 134
129 288 153 243
484 787 115 217
681 646 134 204
883 825 110 153
393 108 172 217
1161 243 177 204
259 742 129 185
1766 537 163 198
2539 1011 134 211
2107 192 158 70
2673 1004 134 198
1915 665 158 179
2371 1004 158 236
1656 1081 100 115
2169 358 172 217
2856 601 153 153
2136 1299 177 153
1622 992 153 89
2275 768 148 172
2904 921 100 204
2515 1216 201 230
1598 480 163 243
1939 1152 177 300
2337 179 196 96
1804 320 172 185
2707 761 139 160
1982 371 187 160
1742 1088 168 172
2126 729 139 204
2515 422 172 230
2131 1081 177 185
2563 684 144 204
2260 928 124 256
1824 972 129 204
2678 627 177 134
2328 1190 182 256
1939 505 158 179
1886 825 134 153
2500 857 139 185
2784 902 120 217
2860 390 148 153
2361 364 172 140
2337 531 172 147
2544 89 158 256
1689 672 129 185
2078 563 120 217
1747 857 120 192
1598 723 120 204
2644 857 148 166
2164 89 91 102
1948 972 115 179
1617 870 129 128
2726 1152 177 134
1665 288 153 243
2020 787 115 217
2217 646 134 204
2419 825 110 153
1929 108 172 217
2697 243 177 204
1795 742 129 185
