-200 -200 -202.022 -200.483
-200 -200 -197.542 -202.235
-197 -200 -190.247 -201.364
-194 -200 -187.322 -202.884
-191 -200 -183.493 -203.621
-188 -200 -180.469 -204.216
-185 -200 -174.613 -201.558
-182 -200 -174.929 -200.727
-179 -200 -168.89 -201.012
-176 -200 -167.4 -203.611
-173 -200 -171.014 -204.195
-170 -200 -166.838 -206.506
-167 -200 -159.619 -210.404
-164 -200 -158.582 -207.347
-161 -200 -155.7 -211.547
-158 -200 -152.981 -208.161
-155 -200 -148.617 -206.782
-152 -200 -141.984 -202.594
-149 -200 -141.327 -198.875
-146 -200 -138.868 -195.153
-143 -200 -140.956 -199.414
-140 -200 -136.831 -198.656
-137 -200 -128.881 -201.242
-134 -200 -129.168 -200.397
-131 -200 -123.644 -196.898
-128 -200 -125.169 -197.606
-125 -200 -121.817 -195.473
-122 -200 -114.431 -196.239
-119 -200 -110.542 -195.282
-116 -200 -110.061 -196.06
-113 -200 -108.609 -197.331
-110 -200 -107.985 -200.941
-107 -200 -104.81 -205.114
-104 -200 -101.286 -207.245
-101 -200 -100.016 -209.993
-98 -200 -98.6006 -214.228
-95 -200 -97.0896 -219.143
-92 -200 -90.2831 -220.123
-89 -200 -82.8322 -217.618
-86 -200 -80.0848 -214.755
-83 -200 -81.6093 -205.27
-80 -200 -79.2259 -201.059
-77 -200 -71.5206 -199.489
-74 -200 -64.8551 -198.788
-71 -200 -65.5912 -195.786
-68 -200 -62.2862 -195.794
-65 -200 -58.7082 -194.742
-62 -200 -57.9807 -195.31
-59 -200 -55.3502 -192.593
-56 -200 -53.8019 -189.112
-53 -200 -50.5695 -196.001
-50 -200 -52.3847 -193.48
-47 -200 -51.0645 -192.53
-44 -200 -53.0546 -190.243
-41 -200 -52.2432 -190.715
-38 -200 -50.6933 -195.188
-35 -200 -46.6834 -193.135
-32 -200 -41.3516 -190.877
-29 -200 -34.2077 -195.15
-26 -200 -29.332 -192.322
-23 -200 -26.9287 -194.773
-20 -200 -27.4213 -191.749
-17 -200 -24.8232 -189.277
-14 -200 -25.2788 -186.175
-11 -200 -17.9401 -183.295
-8 -200 -14.7241 -186.933
-5 -200 -8.87808 -188.509
-2 -200 -10.2233 -189.051
1 -200 -8.85788 -188.277
4 -200 -1.75787 -185.072
7 -200 4.86793 -193.558
10 -200 6.25274 -194.322
13 -200 4.45737 -190.188
16 -200 2.73738 -191.689
19 -200 8.36029 -195.613
22 -200 6.9821 -195.252
25 -200 7.45685 -195.776
28 -200 13.2127 -200.376
31 -200 14.317 -197.913
34 -200 19.2288 -200.46
37 -200 28.6265 -201.745
40 -200 28.5111 -202.249
43 -200 29.0266 -198.512
46 -200 33.8121 -201.276
49 -200 34.9409 -200.393
52 -200 34.8809 -205.152
55 -200 41.077 -204.872
58 -200 47.0614 -209.194
61 -200 50.6937 -209.12
64 -200 54.0235 -208.032
67 -200 62.8103 -204.869
70 -200 61.7759 -200.857
73 -200 69.2789 -204.848
76 -200 71.0104 -206.86
79 -200 76.1494 -206.529
82 -200 78.0216 -209.269
85 -200 80.3481 -205.229
88 -200 87.2962 -200.753
91 -200 86.013 -198.947
94 -200 87.7652 -200.094
97 -200 94.0862 -200.182
100 -200 95.7922 -199.708
103 -200 98.1667 -200.441
106 -200 100.873 -200.677
109 -200 106.037 -202.67
112 -200 113.248 -205.341
115 -200 116.226 -206.636
118 -200 120.431 -204.643
121 -200 128.158 -208.063
124 -200 135.863 -208.027
127 -200 133.287 -205.455
130 -200 138.377 -205.477
133 -200 141.701 -209.752
136 -200 148.715 -206.295
139 -200 155.162 -207.009
142 -200 162.506 -207.164
145 -200 168.266 -207.591
148 -200 171.991 -206.216
151 -200 170.379 -204.755
154 -200 174.159 -205.848
157 -200 167.345 -200.668
160 -200 174.256 -201.069
163 -200 181.608 -204.948
166 -200 188.361 -204.93
169 -200 186.398 -206.485
172 -200 190.636 -205.539
175 -200 198.332 -201.112
178 -200 198.048 -204.34
181 -200 204.369 -199.733
184 -200 205.259 -196.886
187 -200 196.288 -196.996
190 -200 199.105 -198.748
193 -200 200.158 -198.396
196 -200 203.937 -199.385
199 -200 203.451 -202.406
199 -200 207.629 -200.423
199 -200 212.009 -205.171
199 -200 216.488 -206.097
199 -200 212.945 -209.234
199 -200 210.907 -207.933
199 -200 202.713 -205.788
199 -200 204.256 -201.268
199 -200 207.925 -203.036
199 -200 207.228 -206.733
199 -200 211.784 -210.135
199 -200 216.321 -210.682
199 -200 218.514 -207.408
199 -200 218.135 -207.01
199 -200 214.648 -208.546
199 -200 218.027 -208.886
199 -200 206.974 -202.708
199.008 -197 204.255 -200.199
199.015 -194 209.112 -194.879
199.023 -191 212.584 -188.48
199.03 -188 216.64 -185.729
199.038 -185 212.725 -181.177
199.045 -182 212.779 -175.753
199.053 -179 208.993 -175.783
199.06 -176 213.713 -168.57
199.068 -173 216.534 -165.302
199.075 -170 207.098 -165.385
199.083 -167 207.198 -164.341
199.09 -164 211.89 -165.631
199.098 -161 207.855 -165.689
199.105 -158 208.258 -165.664
199.113 -155 205.318 -159.711
199.12 -152 207.044 -160.075
199.128 -149 205.891 -158.783
199.135 -146 205.314 -151.433
199.143 -143 206.237 -152.903
199.15 -140 205.11 -146.902
199.158 -137 200.351 -147.889
199.165 -134 201.285 -148.033
199.173 -131 197.632 -146.286
199.18 -128 195.235 -139.716
199.188 -125 195.865 -132.44
199.195 -122 199.683 -131.805
199.203 -119 199.614 -133.78
199.21 -116 199.261 -131.65
199.218 -113 196.485 -124.456
199.225 -110 199.454 -115.147
199.233 -107 200.871 -117.002
199.24 -104 200.643 -113.243
199.248 -101 202.367 -113.462
199.255 -98.0004 205.1 -110.009
199.263 -95.0005 200.727 -110.297
199.27 -92.0005 203.063 -107.027
199.278 -89.0005 200.638 -108.343
199.285 -86.0005 204.537 -108.89
199.293 -83.0005 208.867 -104.425
199.3 -80.0005 206.001 -88.6413
199.308 -77.0005 203.399 -81.0786
199.315 -74.0005 199.291 -79.8487
199.323 -71.0005 196.011 -76.853
199.33 -68.0005 197.947 -74.3021
199.338 -65.0005 197.24 -72.0725
199.345 -62.0005 202.14 -68.9798
199.353 -59.0005 205.335 -70.5505
199.36 -56.0005 207.302 -66.3376
199.368 -53.0006 211.44 -63.2234
199.375 -50.0006 202.952 -53.736
199.383 -47.0006 206.871 -52.2395
199.39 -44.0006 207.391 -46.1994
199.398 -41.0006 209.68 -43.9538
199.405 -38.0006 212.896 -37.0763
199.413 -35.0006 211.455 -37.5171
199.42 -32.0006 207.9 -31.776
199.428 -29.0006 203.147 -31.2391
199.435 -26.0006 205.384 -25.1223
199.443 -23.0006 204.368 -27.0669
199.45 -20.0006 204.209 -20.5555
199.458 -17.0007 208.663 -19.8041
199.465 -14.0007 209.686 -15.5444
199.473 -11.0007 209.9 -9.41897
199.48 -8.00069 207.185 -9.20074
199.488 -5.0007 206.554 -11.1809
199.495 -2.00071 209.862 -7.31694
199.503 0.999285 207.817 -7.58487
199.51 3.99928 208.657 -1.19229
199.518 6.99927 210.84 -2.20593
199.525 9.99926 205.508 6.3364
199.533 12.9992 208.732 4.88069
199.54 15.9992 212.425 11.5505
199.548 18.9992 212.993 12.7342
199.555 21.9992 212.458 13.4603
199.563 24.9992 214.548 16.2646
199.57 27.9992 215.612 20.0889
199.577 30.9992 212.528 22.4972
199.585 33.9992 207.958 29.155
199.592 36.9992 206.074 28.1106
199.6 39.9992 202.415 35.0439
199.607 42.9992 203.4 40.9488
199.615 45.9992 204.928 42.0401
199.622 48.9991 201.079 44.8089
199.63 51.9991 198.844 47.8001
199.637 54.9991 201.325 48.4933
199.645 57.9991 200.869 48.6963
199.652 60.9991 201.175 55.9814
199.66 63.9991 204.963 55.2453
199.667 66.9991 203.972 62.2052
199.675 69.9991 199.851 66.2967
199.682 72.9991 202.626 65.638
199.69 75.9991 201.106 72.6227
199.698 78.9991 204.373 75.3597
199.705 81.9991 205.48 82.1407
199.713 84.9991 205.324 81.7876
199.72 87.999 203.15 80.7968
199.728 90.999 200.772 85.2733
199.735 93.999 201.496 88.7782
199.743 96.999 203.373 93.3218
199.75 99.999 202.165 96.1249
199.758 102.999 201.133 97.7781
199.765 105.999 205.578 105.152
199.773 108.999 206.454 107.948
199.78 111.999 207.386 108.702
199.788 114.999 202.836 108.97
199.795 117.999 197.996 116.966
199.803 120.999 196.132 119.233
199.81 123.999 199.848 127.102
199.818 126.999 203.92 126.877
199.825 129.999 200.079 130.249
199.833 132.999 195.638 137.827
199.84 135.999 195.608 143.071
199.848 138.999 200.21 145.288
199.855 141.999 204.75 144.515
199.863 144.999 205.899 143.66
199.87 147.999 204.248 150.92
199.878 150.999 207.49 149.573
199.885 153.999 205.663 154.428
199.893 156.999 206.27 159.417
199.9 159.999 205.439 160.704
199.908 162.999 207.674 168.174
199.915 165.999 204.562 173.974
199.923 168.999 205.267 181.295
199.93 171.999 202.468 187.703
199.938 174.999 200.362 194.645
199.945 177.999 202.952 198.323
199.952 180.999 201.29 205.065
199.96 183.999 201.045 211.904
199.967 186.999 205.898 211.492
199.975 189.999 204.996 202.91
199.982 192.999 200.782 207.228
199.99 195.999 200.717 208.47
199.997 198.999 202.643 209.451
199.997 198.999 207.062 206.467
199.997 198.999 209.728 204.552
199.997 198.999 207.541 208.878
199.997 198.999 210.034 205.866
199.997 198.999 211.199 203.975
199.997 198.999 214.243 208.796
199.997 198.999 206.357 202.88
199.997 198.999 204.836 198.506
199.997 198.999 205.917 201.448
199.997 198.999 204.666 205.82
199.997 198.999 205.822 210.153
199.997 198.999 208.693 205.701
199.997 198.999 205.597 205.405
199.997 198.999 204.44 204.824
199.997 198.999 204.838 205.071
199.997 198.999 207.291 207.648
199.997 198.999 204.375 201.821
196.998 199.006 198.633 197.072
193.998 199.014 192.669 201.088
190.998 199.021 191.008 205.791
187.998 199.029 191.883 206.437
184.998 199.036 189.091 206.311
181.998 199.044 186.019 206.999
178.998 199.051 179.12 210.992
175.998 199.059 171.513 207.093
172.998 199.066 168.628 209.594
169.998 199.074 169.601 203.447
166.998 199.081 167.512 204.944
163.998 199.089 161.884 205.243
160.998 199.096 163.383 204.456
157.998 199.104 164.473 203.557
154.998 199.111 164.173 205.299
151.998 199.119 165.899 200.644
148.998 199.126 158.898 197.861
145.998 199.134 160.01 193.507
142.998 199.141 159.265 190.155
139.998 199.149 146.311 197.111
136.998 199.156 142.322 197.778
133.998 199.164 138.172 196.009
130.998 199.171 138.528 191.276
127.998 199.179 134.349 193.851
124.998 199.186 128.661 195.491
121.998 199.194 124.815 193.758
118.998 199.201 118.117 198.379
115.998 199.209 113.766 194.953
112.998 199.216 106.471 198.57
109.998 199.224 106.786 200.111
106.998 199.231 100.766 197.416
103.998 199.239 101.25 200.624
100.998 199.246 100.367 199.841
97.9979 199.254 97.578 202.04
94.9979 199.261 93.3538 202.389
91.9979 199.269 89.9987 199.319
88.998 199.276 88.6861 203.627
85.998 199.284 80.7226 203.889
82.998 199.291 79.2272 202.796
79.998 199.299 78.7695 200.842
76.998 199.306 76.6608 203.662
73.998 199.314 69.8666 205.939
70.998 199.321 63.3951 207.359
67.998 199.329 60.8012 211.709
64.998 199.336 60.8954 208.541
61.998 199.344 53.001 207.577
58.998 199.351 51.2767 208.78
55.998 199.359 52.777 210.15
52.998 199.366 50.0417 209.125
49.9981 199.374 46.8496 205.156
46.9981 199.381 45.5844 209.643
43.9981 199.389 43.9962 210.659
40.9981 199.396 42.0961 209.211
37.9981 199.404 34.8771 212.765
34.9981 199.411 29.4204 212.744
31.9981 199.419 29.4495 214.205
28.9981 199.426 22.299 218.773
25.9981 199.434 20.0496 222.702
22.9981 199.442 22.0156 224.683
19.9981 199.449 17.7883 212.138
16.9981 199.457 15.7333 211.003
13.9982 199.464 10.3172 211.248
10.9982 199.472 4.48979 211.681
7.99818 199.479 -0.553718 216.081
4.99819 199.487 -7.6705 219.381
1.9982 199.494 -13.7518 219.378
-1.00179 199.502 -21.5243 221.495
-4.00178 199.509 -22.8215 223.574
-7.00177 199.517 -26.3478 223.606
-10.0018 199.524 -17.6141 212.361
-13.0018 199.532 -17.7907 211.38
-16.0017 199.539 -22.6331 213.554
-19.0017 199.547 -30.0218 216.463
-22.0017 199.554 -30.4761 221.226
-25.0017 199.562 -33.0578 225.117
-28.0017 199.569 -37.6442 225.562
-31.0017 199.577 -41.0408 227.233
-34.0017 199.584 -39.9159 228.644
-37.0017 199.592 -42.3792 227.547
-40.0017 199.599 -41.2498 213.595
-43.0017 199.607 -46.0969 208.757
-46.0017 199.614 -50.61 207.651
-49.0016 199.622 -49.7864 209.73
-52.0016 199.629 -49.1655 207.601
-55.0016 199.637 -55.9308 207.199
-58.0016 199.644 -61.3059 205.409
-61.0016 199.652 -62.5903 204.475
-64.0016 199.659 -64.819 202.93
-67.0016 199.667 -68.8487 201.577
-70.0016 199.674 -69.6703 200.466
-73.0016 199.682 -77.2353 198.241
-76.0016 199.689 -83.7315 200.609
-79.0016 199.697 -88.2292 202.004
-82.0016 199.704 -95.2045 198.862
-85.0016 199.712 -102.969 200.317
-88.0015 199.719 -107.25 203.862
-91.0015 199.727 -114.38 204.337
-94.0015 199.734 -120.596 202.425
-97.0015 199.742 -118.722 203.136
-100.002 199.749 -109.832 199.16
-103.002 199.757 -114.948 199.676
-106.002 199.765 -113.762 203.804
-109.001 199.772 -117.507 208.164
-112.001 199.78 -120.841 209.275
-115.001 199.787 -124.838 208.318
-118.001 199.795 -129.31 204.632
-121.001 199.802 -136.953 209.246
-124.001 199.81 -139.643 209.78
-127.001 199.817 -140.846 214.252
-130.001 199.825 -138.635 207.871
-133.001 199.832 -145.008 210.044
-136.001 199.84 -152.019 212.691
-139.001 199.847 -159.157 210.265
-142.001 199.855 -162.428 212.009
-145.001 199.862 -164.016 210.174
-148.001 199.87 -171.424 210.432
-151.001 199.877 -170.048 209.715
-154.001 199.885 -170.789 210.707
-157.001 199.892 -177.812 207.532
-160.001 199.9 -172.18 206.128
-163.001 199.907 -171.464 205.899
-166.001 199.915 -177.228 205.494
-169.001 199.922 -180.613 204.408
-172.001 199.93 -182.945 202.359
-175.001 199.937 -184.601 199.822
-178.001 199.945 -186.179 200.439
-181.001 199.952 -190.902 198.972
-184.001 199.96 -193.566 201.566
-187.001 199.967 -194.018 201.055
-190.001 199.975 -192.381 201.704
-193.001 199.982 -190.959 199.885
-196.001 199.99 -194.522 197.355
-199.001 199.997 -195.676 201.319
-199.001 199.997 -193.877 203.639
-199.001 199.997 -197.037 205.534
-199.001 199.997 -197.966 201.35
-199.001 199.997 -196.857 201.553
-199.001 199.997 -194.643 198.015
-199.001 199.997 -198.677 202.299
-199.001 199.997 -199.197 201.932
-199.001 199.997 -201.883 197.154
-199.001 199.997 -197.455 195.969
-199.001 199.997 -194.779 195.886
-199.001 199.997 -192.751 197.008
-199.001 199.997 -195.281 195.01
-199.001 199.997 -196.535 191.883
-199.001 199.997 -194.145 187.39
-199.001 199.997 -191.231 185.088
-199.001 199.997 -194.555 184.483
-199.001 199.997 -196.523 192.519
-199.001 199.997 -194.254 190.066
-199.001 199.997 -194.75 186.866
-199.001 199.997 -197.35 191.256
-199.001 199.997 -200.503 187.627
-199.001 199.997 -200.823 183.365
-199.001 199.997 -196.728 182.187
-199.001 199.997 -195.855 185.003
-199.001 199.997 -194.457 182.934
-199.001 199.997 -192.864 184.14
-199.001 199.997 -194.257 190.323
-199.001 199.997 -189.496 191.97
-199.001 199.997 -187.653 192.785
-199.001 199.997 -188.957 193.966
-199.001 199.997 -190.312 196.88
-199.001 199.997 -190.204 193.31
-199.001 199.997 -186.605 192.678
-199.001 199.997 -183.645 188.357
-199.001 199.997 -186.413 184.998
-199.001 199.997 -186.3 181.177
-199.001 199.997 -191.945 188.717
-199.001 199.997 -190.462 192.336
-199.001 199.997 -188.516 192.845
-199.001 199.997 -191.97 192.036
-199.001 199.997 -195.753 187.594
-199.001 199.997 -197.089 187.037
-199.001 199.997 -198.163 184.598
-199.001 199.997 -200.576 182.855
-199.001 199.997 -199.473 187.595
-199.001 199.997 -194.824 188.323
-199.001 199.997 -198.552 194.039
-199.009 196.998 -197.561 194.292
-199.016 193.998 -193.798 186.32
-199.024 190.998 -198.15 178.861
-199.031 187.998 -198.917 172.205
-199.039 184.998 -195.852 167.182
-199.046 181.998 -195.541 159.751
-199.054 178.998 -197.805 154.311
-199.061 175.998 -200.728 152.99
-199.069 172.998 -201.214 149.583
-199.076 169.998 -200.419 157.298
-199.083 166.998 -198.162 152.95
-199.091 163.998 -202.635 153.159
-199.098 160.998 -203.802 148.1
-199.106 157.998 -207.425 143.392
-199.113 154.998 -210.845 135.92
-199.121 151.998 -214.43 130.262
-199.128 148.998 -216.73 129.817
-199.136 145.998 -217.966 130.329
-199.143 142.998 -214.94 124.997
-199.151 139.998 -204.554 131.289
-199.158 136.998 -201.16 128.267
-199.166 133.998 -200.462 121.513
-199.173 130.998 -195.59 115.198
-199.181 127.998 -198.739 116.504
-199.188 124.998 -194.254 114.265
-199.196 121.998 -191.135 110.388
-199.203 118.998 -193.385 111.681
-199.211 115.998 -193.101 105.137
-199.218 112.998 -188.932 97.2667
-199.226 109.998 -194.812 101.619
-199.233 106.998 -193.74 99.8674
-199.241 103.998 -198.391 97.896
-199.248 100.998 -201.189 96.7697
-199.256 97.9979 -197.516 90.0884
-199.263 94.9979 -194.384 82.1873
-199.271 91.9979 -197.869 76.0506
-199.278 88.998 -198.401 74.3924
-199.286 85.998 -197.507 73.6622
-199.293 82.998 -193.426 71.9926
-199.301 79.998 -197.003 74.751
-199.308 76.998 -196.462 75.2716
-199.316 73.998 -196.964 67.4665
-199.323 70.998 -198.601 61.8628
-199.331 67.998 -201.429 55.1737
-199.338 64.998 -203.572 47.2194
-199.346 61.998 -207.794 39.7156
-199.353 58.998 -204.164 34.3166
-199.361 55.998 -205.542 35.0397
-199.368 52.998 -209.339 27.9284
-199.376 49.9981 -205.025 37.2571
-199.383 46.9981 -206.306 35.8878
-199.391 43.9981 -208.053 30.0782
-199.398 40.9981 -206.697 29.0866
-199.406 37.9981 -204.968 29.1197
-199.413 34.9981 -207.093 30.1947
-199.421 31.9981 -203.657 22.2819
-199.428 28.9981 -202.472 22.1183
-199.436 25.9981 -206.58 14.1705
-199.443 22.9981 -203.299 9.17724
-199.451 19.9981 -203.288 13.7819
-199.458 16.9981 -206.508 15.367
-199.466 13.9982 -202.553 13.8103
-199.473 10.9982 -207.132 12.5698
-199.481 7.99818 -208.289 7.95904
-199.488 4.99819 -204.206 0.291091
-199.496 1.9982 -206.094 -1.57209
-199.503 -1.00179 -207.647 -0.0884504
-199.511 -4.00178 -204.862 -6.68489
-199.518 -7.00177 -204.525 -9.13784
-199.526 -10.0018 -202.8 -11.8701
-199.533 -13.0018 -206.511 -13.234
-199.541 -16.0017 -203.216 -20.8634
-199.548 -19.0017 -204.698 -23.5045
-199.555 -22.0017 -201.807 -31.4916
-199.563 -25.0017 -199.237 -33.8169
-199.57 -28.0017 -196.69 -38.7031
-199.578 -31.0017 -199.776 -38.1647
-199.585 -34.0017 -200.065 -37.5115
-199.593 -37.0017 -204.943 -41.1798
-199.6 -40.0017 -200.338 -40.5602
-199.608 -43.0017 -195.356 -45.004
-199.615 -46.0017 -195.902 -47.2175
-199.623 -49.0017 -195.34 -47.2955
-199.63 -52.0016 -193.193 -48.3043
-199.638 -55.0016 -197.591 -54.2878
-199.645 -58.0016 -198.745 -56.2583
-199.653 -61.0016 -197.669 -60.8602
-199.66 -64.0016 -199.666 -59.5795
-199.668 -67.0016 -195.732 -62.341
-199.675 -70.0016 -196.036 -67.1189
-199.683 -73.0016 -198.405 -65.7578
-199.69 -76.0016 -197.616 -65.8314
-199.698 -79.0016 -192.713 -72.9205
-199.705 -82.0016 -192.974 -76.3605
-199.713 -85.0016 -189.965 -76.3971
-199.72 -88.0015 -191.908 -75.454
-199.728 -91.0015 -192.204 -73.6142
-199.735 -94.0015 -192.222 -74.8214
-199.743 -97.0015 -189.775 -81.7306
-199.75 -100.002 -193.345 -93.3601
-199.758 -103.002 -190.427 -99.2028
-199.765 -106.002 -194.315 -100.327
-199.773 -109.001 -190.328 -107.387
-199.78 -112.001 -187.185 -111.373
-199.788 -115.001 -190.839 -110.247
-199.795 -118.001 -186.454 -111.264
-199.803 -121.001 -189.462 -115.529
-199.81 -124.001 -192.281 -123.283
-199.818 -127.001 -196.668 -125.27
-199.825 -130.001 -199.979 -127.33
-199.833 -133.001 -194.987 -135.313
-199.84 -136.001 -194.766 -140.939
-199.848 -139.001 -193.489 -146.694
-199.855 -142.001 -193.995 -153.782
-199.863 -145.001 -197.814 -158.69
-199.87 -148.001 -197.446 -161.609
-199.878 -151.001 -200.327 -163.458
-199.885 -154.001 -199.76 -168.655
-199.893 -157.001 -204.439 -170.056
-199.9 -160.001 -203.635 -168.71
-199.908 -163.001 -200.509 -170.54
-199.915 -166.001 -203.015 -169.738
-199.923 -169.001 -200.667 -170.638
-199.93 -172.001 -201.041 -173.749
-199.938 -175.001 -205.71 -175.163
-199.945 -178.001 -203.744 -180.634
-199.953 -181.001 -208.056 -184.197
-199.96 -184.001 -206.92 -182.219
-199.968 -187.001 -205.15 -185.81
-199.975 -190.001 -204.922 -189.457
-199.983 -193.001 -208.683 -188.575
-199.99 -196.001 -211.461 -191.84
-199.998 -199.001 -207.811 -196.272
-199.998 -199.001 -212.368 -193.723
-199.998 -199.001 -209.517 -198.029
-199.998 -199.001 -214.472 -196.496
-199.998 -199.001 -216.927 -193.473
-199.998 -199.001 -218.544 -193.717
-199.998 -199.001 -219.331 -193.64
-199.998 -199.001 -208.3 -198.442
-199.998 -199.001 -206.871 -199.025
-199.998 -199.001 -206.489 -202.853
-199.998 -199.001 -204.571 -201.81
-199.998 -199.001 -209.146 -197.439
-199.998 -199.001 -212.211 -198.688
-199.998 -199.001 -209.359 -203.457
-199.998 -199.001 -213.251 -207.749
-199.998 -199.001 -212.707 -211.781
-196.998 -199.009 -207.505 -207.076
-193.998 -199.016 -200.082 -202.555
-190.998 -199.024 -197.852 -207.333
-187.998 -199.031 -195.236 -205.226
-184.998 -199.039 -196.394 -209.069
-181.998 -199.046 -190.19 -211.569
-178.998 -199.054 -186.032 -212.488
-175.998 -199.061 -184.7 -207.6
-172.998 -199.069 -178.844 -207.886
-169.998 -199.076 -175.081 -209.883
-166.998 -199.083 -170.755 -210.153
-163.998 -199.091 -167.334 -205.461
-160.998 -199.098 -168.28 -205.596
-157.998 -199.106 -167.904 -206.122
-154.998 -199.113 -161.568 -206.232
-151.998 -199.121 -160.283 -205.861
-148.998 -199.128 -154.353 -210.387
-145.998 -199.136 -151.567 -213.466
-142.998 -199.143 -145.402 -210.396
-139.998 -199.151 -145.259 -207.178
-136.998 -199.158 -145.551 -206.93
-133.998 -199.166 -138.882 -200.938
-130.998 -199.173 -132.053 -198.131
-127.998 -199.181 -127.602 -195.828
-124.998 -199.188 -119.985 -196.285
-121.998 -199.196 -114.289 -200.053
-118.998 -199.203 -114.805 -204.616
-115.998 -199.211 -110.749 -204.872
-112.998 -199.218 -108.469 -204.751
-109.998 -199.226 -101.233 -207.041
-106.998 -199.233 -94.5341 -206.271
-103.998 -199.241 -96.8659 -203.158
-100.998 -199.248 -91.0989 -201.293
-97.9979 -199.256 -87.0518 -203.158
-94.998 -199.263 -81.7816 -204.982
-91.998 -199.271 -82.2949 -209.476
-88.998 -199.278 -81.7005 -210.92
-85.998 -199.286 -80.8038 -212.556
-82.998 -199.293 -76.142 -211.063
-79.998 -199.301 -76.9858 -215.303
-76.998 -199.308 -69.1001 -211.94
-73.998 -199.316 -68.4181 -207.356
-70.998 -199.323 -67.3907 -204.6
-67.998 -199.331 -63.0018 -205.579
-64.998 -199.338 -57.817 -203.936
-61.998 -199.346 -54.427 -201.45
-58.998 -199.353 -47.3354 -198.18
-55.9981 -199.361 -48.1532 -202.471
-52.9981 -199.368 -44.0178 -202.782
-49.9981 -199.376 -38.5274 -199.89
-46.9981 -199.383 -32.703 -198.821
-43.9981 -199.391 -36.3521 -200.617
-40.9981 -199.398 -31.8045 -196.599
-37.9981 -199.406 -23.9796 -193.224
-34.9981 -199.413 -20.9623 -193.413
-31.9981 -199.421 -21.0775 -194.326
-28.9981 -199.428 -22.4128 -190.517
-25.9981 -199.436 -21.453 -193.384
-22.9981 -199.443 -21.1362 -192.169
-19.9982 -199.451 -21.9446 -194.388
-16.9982 -199.458 -14.304 -196.991
-13.9982 -199.466 -12.0047 -198.773
-10.9982 -199.473 -7.87965 -196.714
-7.99819 -199.481 -8.16467 -194.391
-4.9982 -199.488 -10.1244 -193.564
-1.99821 -199.496 -7.49841 -197.827
1.00178 -199.503 -2.43552 -201.279
4.00177 -199.511 -0.885923 -197.854
7.00176 -199.518 -1.15278 -195.685
10.0017 -199.526 2.68204 -196.358
13.0017 -199.533 7.43898 -200.935
16.0017 -199.541 12.7041 -200.279
19.0017 -199.548 16.844 -204.35
22.0017 -199.555 20.9553 -205.658
25.0017 -199.563 19.8214 -201.896
28.0017 -199.57 23.5278 -206.739
31.0017 -199.578 24.6423 -203.382
34.0017 -199.585 32.2912 -202.908
37.0017 -199.593 39.2023 -207.023
40.0017 -199.6 38.9829 -203.098
43.0017 -199.608 45.6462 -201.113
46.0016 -199.615 48.8378 -201.11
49.0016 -199.623 47.1155 -205.124
52.0016 -199.63 53.6317 -207.988
55.0016 -199.638 59.2436 -205.459
58.0016 -199.645 66.3318 -203.304
61.0016 -199.653 71.5739 -200.432
64.0016 -199.66 72.7104 -198.456
67.0016 -199.668 74.737 -194.576
70.0016 -199.675 77.6819 -195.162
73.0016 -199.683 82.9928 -196.914
76.0016 -199.69 80.0094 -199.413
79.0016 -199.698 83.2276 -197.565
82.0015 -199.705 86.8908 -198.194
85.0015 -199.713 85.8302 -202.065
88.0015 -199.72 84.6914 -201.488
91.0015 -199.728 83.521 -206.296
94.0015 -199.735 85.2392 -203.665
97.0015 -199.743 85.2005 -204.026
100.002 -199.75 84.8638 -204.939
103.001 -199.758 85.7316 -200.688
106.001 -199.765 96.8465 -202.258
109.001 -199.773 95.5126 -203.087
112.001 -199.78 96.1371 -198.718
115.001 -199.788 101.147 -198.163
118.001 -199.795 103.195 -203.17
121.001 -199.803 105.494 -207.162
124.001 -199.81 108.486 -207.384
127.001 -199.818 114.924 -210.861
130.001 -199.825 119.965 -214.804
133.001 -199.833 123.65 -211.515
136.001 -199.84 133.356 -206.321
139.001 -199.848 135.452 -203.543
142.001 -199.855 134.985 -206.828
145.001 -199.863 139.734 -204.264
148.001 -199.87 138.179 -199.57
151.001 -199.878 143.055 -195.586
154.001 -199.885 145.41 -195.571
157.001 -199.893 151.803 -197.19
160.001 -199.9 156.64 -199.695
163.001 -199.908 164.562 -203.567
166.001 -199.915 168.473 -201.06
169.001 -199.923 171.762 -199.239
172.001 -199.93 179.459 -201.455
175.001 -199.938 179.616 -200.353
178.001 -199.945 178.628 -200.714
181.001 -199.953 181.233 -202.592
184.001 -199.96 180.73 -205.112
187.001 -199.968 184.52 -203.146
190.001 -199.975 187.109 -201.696
193.001 -199.983 193.197 -204.952
196.001 -199.99 194.442 -200.545
199.001 -199.998 201.835 -201.439
199.001 -199.998 206.194 -200.19
199.001 -199.998 203.911 -199.23
199.001 -199.998 201.898 -195.14
199.001 -199.998 199.012 -196.21
199.001 -199.998 203.436 -200.208
199.001 -199.998 198.873 -196.096
199.001 -199.998 202.308 -192.034
199.001 -199.998 200.075 -191.862
199.001 -199.998 201.642 -194.775
199.001 -199.998 203.946 -196.323
199.001 -199.998 204.427 -193.046
199.001 -199.998 207.677 -193.936
199.001 -199.998 207.23 -196.67
199.001 -199.998 205.437 -199.144
199.001 -199.998 202.183 -198.642
199.001 -199.998 206.914 -200.235
199.001 -199.998 205.776 -201.65
199.009 -196.998 204.421 -200.731
199.016 -193.998 202.809 -193.664
199.024 -190.998 201.243 -192.617
199.031 -187.998 204.911 -184.928
199.039 -184.998 200.408 -179.754
199.046 -181.998 201.53 -172.606
199.054 -178.998 198.631 -173.166
199.061 -175.998 195.732 -174.897
199.068 -172.998 198.761 -170.106
199.076 -169.998 198.253 -167.173
199.083 -166.998 198.468 -164.732
199.091 -163.998 196.582 -162.782
199.098 -160.998 196.488 -162.615
199.106 -157.998 195.976 -163.863
199.113 -154.998 196.422 -161.126
199.121 -151.998 193.996 -156.424
199.128 -148.998 190.508 -154.112
199.136 -145.998 186.429 -152.282
199.143 -142.998 190.595 -145.493
199.151 -139.998 187.433 -145.243
199.158 -136.998 183.827 -147.096
199.166 -133.998 191.437 -137.381
199.173 -130.998 195.105 -136.054
199.181 -127.998 192.323 -133.108
199.188 -124.998 193.99 -125.544
199.196 -121.998 192.375 -120.666
199.203 -118.998 191.293 -113.16
199.211 -115.998 191.91 -114.468
199.218 -112.998 189.169 -115.885
199.226 -109.998 192.929 -115.099
199.233 -106.998 191.372 -108.554
199.241 -103.998 196.412 -104.38
199.248 -100.998 192.378 -96.3871
199.256 -97.9979 190.368 -88.743
199.263 -94.998 191.692 -84.3899
199.271 -91.998 194.231 -86.3776
199.278 -88.998 191.376 -79.8909
199.286 -85.998 191.75 -71.9046
199.293 -82.998 192.555 -66.492
199.301 -79.998 188.501 -66.6989
199.308 -76.998 193.336 -59.3701
199.316 -73.998 198.49 -65.2852
199.323 -70.998 201.314 -66.0417
199.331 -67.998 196.424 -59.8241
199.338 -64.998 194.461 -52.0141
199.346 -61.998 190.372 -44.9921
199.353 -58.998 191.04 -41.4011
199.361 -55.9981 192.951 -43.2682
199.368 -52.9981 192.097 -39.56
199.376 -49.9981 189.368 -39.1273
199.383 -46.9981 188.156 -38.049
199.391 -43.9981 191.864 -39.8776
199.398 -40.9981 191.13 -38.7902
199.406 -37.9981 186.912 -30.8125
199.413 -34.9981 183.806 -28.99
199.421 -31.9981 179.386 -27.6135
199.428 -28.9981 181.034 -27.662
199.436 -25.9981 182.667 -20.6268
199.443 -22.9981 177.861 -19.4634
199.451 -19.9982 178.464 -14.0126
199.458 -16.9982 175.968 -6.91006
199.466 -13.9982 187.817 -9.84892
199.473 -10.9982 185.053 -9.89941
199.481 -7.99819 185.547 -9.50768
199.488 -4.9982 189.872 -7.55554
199.496 -1.99821 189.372 -4.37229
199.503 1.00178 193.922 -1.10251
199.511 4.00177 195.565 0.178977
199.518 7.00176 198.81 4.64767
199.526 10.0017 200.414 9.32374
199.533 13.0017 202.329 11.4547
199.54 16.0017 198.893 15.3455
199.548 19.0017 195.194 18.1595
199.555 22.0017 191.145 16.289
199.563 25.0017 195.158 24.0604
199.57 28.0017 191.63 26.9957
199.578 31.0017 193.221 25.1138
199.585 34.0017 190.043 27.9775
199.593 37.0017 190.5 31.0514
199.6 40.0017 186.099 33.8541
199.608 43.0017 188.378 38.5782
199.615 46.0016 195.051 43.6717
199.623 49.0016 190.601 50.3445
199.63 52.0016 187.57 51.0193
199.638 55.0016 183.74 55.0123
199.645 58.0016 178.876 58.9631
199.653 61.0016 177.904 63.8504
199.66 64.0016 177.151 68.3224
199.668 67.0016 177.297 74.0268
199.675 70.0016 172.674 78.7291
199.683 73.0016 167.867 80.643
199.69 76.0016 184.805 79.0142
199.698 79.0016 180.864 84.2498
199.705 82.0015 179.155 88.431
199.713 85.0015 175.422 94.7431
199.72 88.0015 172.805 96.4271
199.728 91.0015 172.727 100.377
199.735 94.0015 174.52 106.348
199.743 97.0015 172.886 107.442
199.75 100.002 170.279 114.777
199.758 103.001 173.813 115.954
199.765 106.001 184.822 113.063
199.773 109.001 183.201 113.93
199.78 112.001 187.847 116.663
199.788 115.001 185.307 119.597
199.795 118.001 189.18 123.622
199.803 121.001 185.022 124.815
199.81 124.001 186.987 127.654
199.818 127.001 188.828 134.406
199.825 130.001 190.763 141.95
199.833 133.001 190.575 143.035
199.84 136.001 196.007 139.945
199.848 139.001 195.397 138.506
199.855 142.001 194.079 140.376
199.863 145.001 189.821 145.62
199.87 148.001 187.384 146.566
199.878 151.001 186.6 152.364
199.885 154.001 185.404 152.158
199.893 157.001 182.76 157.164
199.9 160.001 179.337 164.216
199.908 163.001 179.388 162.981
199.915 166.001 187.267 166.907
199.923 169.001 185.793 170.365
199.93 172.001 187.4 174.621
199.938 175.001 192.384 173.103
199.945 178.001 189.931 178.445
199.953 181.001 185.076 178.912
199.96 184.001 184.822 180.544
199.968 187.001 189.062 183.947
199.975 190.001 194.059 181.987
199.983 193.001 191.062 180.523
199.99 196.001 194.476 190.907
199.998 199.001 192.864 194.161
199.998 199.001 191.317 193.738
199.998 199.001 190.968 189.331
199.998 199.001 193.311 192.089
199.998 199.001 197.551 196.762
199.998 199.001 200.437 197.381
199.998 199.001 196.751 200.446
199.998 199.001 194.947 203.406
199.998 199.001 194.336 205.529
199.998 199.001 194.936 200.167
199.998 199.001 194.646 195.85
199.998 199.001 194.556 195.684
199.998 199.001 198.345 191.129
199.998 199.001 202.891 193.33
199.998 199.001 201.858 194.171
199.998 199.001 198.174 189.821
199.998 199.001 202.67 186.791
199.998 199.001 205.034 183.097
196.998 199.009 198.515 178.369
193.998 199.016 196.796 186.788
190.998 199.024 198.044 190.138
187.998 199.031 196.252 191.524
184.998 199.039 193.047 194.685
181.998 199.046 189.147 195.519
178.998 199.054 182.672 193.872
175.998 199.061 181.241 191.653
172.998 199.068 179.768 187.744
169.998 199.076 176.802 185.533
166.998 199.083 178.452 185.649
163.998 199.091 167.593 193.925
160.998 199.098 168.616 195.08
157.998 199.106 167.372 195.05
154.998 199.113 164.779 192.594
151.998 199.121 165.328 191.215
148.998 199.128 165.788 190.329
145.998 199.136 166.632 188.176
142.998 199.143 165.31 192.892
139.998 199.151 162.571 192.295
136.998 199.158 162.531 194.051
133.998 199.166 149.123 195.155
130.998 199.173 146.928 195.863
127.998 199.181 148.857 196.92
124.998 199.188 146.98 197.41
121.998 199.196 145.528 201.127
118.998 199.203 147.204 198.358
115.998 199.211 143.297 198.769
112.998 199.218 140.447 201.44
109.998 199.226 134.046 205.11
106.998 199.233 128.206 202.726
103.998 199.241 113.355 198.802
100.998 199.248 106.383 202.09
97.9979 199.256 107.727 201.879
94.998 199.263 105.368 201.154
91.998 199.271 105.43 198.868
88.998 199.278 101.053 201.252
85.998 199.286 96.469 196.482
82.998 199.293 95.8065 200.836
79.998 199.301 89.6248 198.058
76.998 199.308 82.499 197.399
73.998 199.316 78.5416 200.021
70.998 199.323 71.3126 200.801
67.998 199.331 64.5679 196.456
64.998 199.338 61.4817 196.624
61.998 199.346 61.6811 194.601
58.998 199.353 55.9005 190.454
55.9981 199.361 48.8105 189.447
52.9981 199.368 47.1643 194.252
49.9981 199.376 44.9481 197.186
46.9981 199.383 39.1987 196.317
43.9981 199.391 40.163 196.389
40.9981 199.398 39.5405 197.459
37.9981 199.406 38.8746 201.943
34.9981 199.413 35.5667 202.134
31.9981 199.421 30.096 200.087
28.9981 199.428 24.0111 196.478
25.9981 199.436 18.4073 198.717
22.9981 199.443 14.2375 193.917
19.9982 199.451 15.7831 191.234
16.9982 199.458 10.7762 192.158
13.9982 199.466 12.5034 193.591
10.9982 199.473 13.2185 192.011
7.99819 199.481 10.9502 189.831
4.9982 199.488 3.54697 188.994
1.99821 199.496 1.41553 191.714
-1.00178 199.503 0.529253 193.827
-4.00177 199.511 -6.95101 195.366
-7.00176 199.518 -9.56433 196.705
-10.0017 199.526 -12.2689 199.277
-13.0017 199.533 -10.8159 202.583
