-200 -200 -200 -200
-200 -200 -200 -200
-197 -200 -192.705 -199.129
-194 -200 -189.78 -200.649
-191 -200 -185.951 -201.386
-188 -200 -182.927 -201.981
-185 -200 -177.071 -199.323
-182 -200 -177.387 -198.492
-179 -200 -171.348 -198.777
-176 -200 -169.858 -201.377
-173 -200 -172.243 -203.078
-170 -200 -168.067 -205.388
-167 -200 -160.848 -209.287
-164 -200 -159.811 -206.229
-161 -200 -156.929 -210.43
-158 -200 -154.21 -207.044
-155 -200 -149.846 -205.664
-152 -200 -143.213 -201.476
-149 -200 -142.556 -197.758
-146 -200 -140.097 -194.036
-143 -200 -141.571 -198.855
-140 -200 -137.445 -198.098
-137 -200 -129.495 -200.683
-134 -200 -129.782 -199.838
-131 -200 -124.258 -196.339
-128 -200 -125.784 -197.047
-125 -200 -122.432 -194.914
-122 -200 -115.045 -195.681
-119 -200 -111.156 -194.724
-116 -200 -110.676 -195.502
-113 -200 -108.916 -197.052
-110 -200 -108.292 -200.661
-107 -200 -105.117 -204.835
-104 -200 -101.594 -206.966
-101 -200 -100.323 -209.714
-98 -200 -98.9079 -213.949
-95 -200 -97.3969 -218.863
-92 -200 -90.5903 -219.843
-89 -200 -83.1395 -217.339
-86 -200 -80.392 -214.476
-83 -200 -81.7629 -205.13
-80 -200 -79.3795 -200.92
-77 -200 -71.6742 -199.349
-74 -200 -65.0088 -198.648
-71 -200 -65.7448 -195.647
-68 -200 -62.4398 -195.655
-65 -200 -58.8618 -194.602
-62 -200 -58.1343 -195.171
-59 -200 -55.5038 -192.454
-56 -200 -53.9555 -188.972
-53 -200 -50.6463 -195.931
-50 -200 -52.4615 -193.41
-47 -200 -51.1413 -192.46
-44 -200 -53.1314 -190.173
-41 -200 -52.32 -190.645
-38 -200 -50.7701 -195.118
-35 -200 -46.7602 -193.065
-32 -200 -41.4284 -190.807
-29 -200 -34.2845 -195.081
-26 -200 -29.4088 -192.252
-23 -200 -26.9671 -194.738
-20 -200 -27.4597 -191.714
-17 -200 -24.8616 -189.242
-14 -200 -25.3172 -186.14
-11 -200 -17.9785 -183.26
-8 -200 -14.7625 -186.899
-5 -200 -8.91648 -188.474
-2 -200 -10.2617 -189.016
1 -200 -8.89628 -188.242
4 -200 -1.79627 -185.037
7 -200 4.84873 -193.541
10 -200 6.23354 -194.304
13 -200 4.43817 -190.171
16 -200 2.71818 -191.671
19 -200 8.34109 -195.596
22 -200 6.9629 -195.235
25 -200 7.43765 -195.759
28 -200 13.1935 -200.359
31 -200 14.2978 -197.896
34 -200 19.2096 -200.442
37 -200 28.6169 -201.737
40 -200 28.5015 -202.24
43 -200 29.017 -198.503
46 -200 33.8025 -201.267
49 -200 34.9313 -200.384
52 -200 34.8713 -205.143
55 -200 41.0674 -204.863
58 -200 47.0518 -209.185
61 -200 50.6841 -209.112
64 -200 54.0139 -208.024
67 -200 62.8055 -204.864
70 -200 61.7711 -200.852
73 -200 69.2741 -204.843
76 -200 71.0056 -206.855
79 -200 76.1446 -206.525
82 -200 78.0168 -209.265
85 -200 80.3433 -205.225
88 -200 87.2914 -200.748
91 -200 86.0082 -198.943
94 -200 87.7604 -200.09
97 -200 94.0838 -200.18
100 -200 95.7898 -199.706
103 -200 98.1643 -200.439
106 -200 100.871 -200.674
109 -200 106.035 -202.667
112 -200 113.245 -205.338
115 -200 116.223 -206.634
118 -200 120.429 -204.641
121 -200 128.155 -208.061
124 -200 135.86 -208.025
127 -200 133.286 -205.454
130 -200 138.376 -205.476
133 -200 141.7 -209.751
136 -200 148.714 -206.294
139 -200 155.161 -207.007
142 -200 162.504 -207.163
145 -200 168.264 -207.59
148 -200 171.99 -206.215
151 -200 170.378 -204.754
154 -200 174.157 -205.847
157 -200 167.345 -200.668
160 -200 174.255 -201.068
163 -200 181.607 -204.948
166 -200 188.36 -204.929
169 -200 186.397 -206.485
172 -200 190.636 -205.538
175 -200 198.331 -201.111
178 -200 198.047 -204.339
181 -200 204.368 -199.733
184 -200 205.258 -196.885
187 -200 196.288 -196.996
190 -200 199.105 -198.747
193 -200 200.158 -198.396
196 -200 203.937 -199.384
199 -200 203.45 -202.406
199 -200 203.45 -202.406
199 -200 203.45 -202.406
199 -200 203.45 -202.406
199 -200 203.45 -202.406
199 -200 203.45 -202.406
199 -200 203.45 -202.406
199 -200 203.45 -202.406
199 -200 203.45 -202.406
199 -200 203.45 -202.406
199 -200 203.45 -202.406
199 -200 203.45 -202.406
199 -200 203.45 -202.406
199 -200 203.45 -202.406
199 -200 203.45 -202.406
199 -200 203.45 -202.406
199 -200 203.45 -202.406
199.008 -197 200.731 -199.897
199.015 -194 205.588 -194.577
199.023 -191 209.06 -188.178
199.03 -188 213.116 -185.427
199.038 -185 209.201 -180.875
199.045 -182 209.255 -175.451
199.053 -179 205.47 -175.481
199.06 -176 210.189 -168.268
199.068 -173 213.01 -165.001
199.075 -170 205.336 -165.234
199.083 -167 205.436 -164.19
199.09 -164 210.128 -165.48
199.098 -161 206.093 -165.538
199.105 -158 206.496 -165.513
199.113 -155 203.556 -159.56
199.12 -152 205.282 -159.924
199.128 -149 204.129 -158.632
199.135 -146 203.552 -151.282
199.143 -143 204.475 -152.752
199.15 -140 204.229 -146.826
199.158 -137 199.47 -147.813
199.165 -134 200.404 -147.957
199.173 -131 196.751 -146.21
199.18 -128 194.354 -139.641
199.188 -125 194.984 -132.364
199.195 -122 198.802 -131.729
199.203 -119 198.733 -133.704
199.21 -116 198.38 -131.575
199.218 -113 195.604 -124.38
199.225 -110 199.014 -115.109
199.233 -107 200.43 -116.964
199.24 -104 200.203 -113.205
199.248 -101 201.926 -113.424
199.255 -98.0004 204.66 -109.971
199.263 -95.0005 200.286 -110.259
199.27 -92.0005 202.622 -106.989
199.278 -89.0005 200.197 -108.306
199.285 -86.0005 204.097 -108.853
199.293 -83.0005 208.426 -104.388
199.3 -80.0005 205.781 -88.6224
199.308 -77.0005 203.179 -81.0598
199.315 -74.0005 199.071 -79.8298
199.323 -71.0005 195.791 -76.8341
199.33 -68.0005 197.727 -74.2832
199.338 -65.0005 197.02 -72.0536
199.345 -62.0005 201.92 -68.9609
199.353 -59.0005 205.115 -70.5317
199.36 -56.0005 207.082 -66.3187
199.368 -53.0006 211.22 -63.2046
199.375 -50.0006 202.842 -53.7266
199.383 -47.0006 206.761 -52.2301
199.39 -44.0006 207.281 -46.19
199.398 -41.0006 209.57 -43.9444
199.405 -38.0006 212.786 -37.0669
199.413 -35.0006 211.344 -37.5077
199.42 -32.0006 207.79 -31.7665
199.428 -29.0006 203.037 -31.2297
199.435 -26.0006 205.274 -25.1128
199.443 -23.0006 204.258 -27.0575
199.45 -20.0006 204.154 -20.5508
199.458 -17.0007 208.608 -19.7994
199.465 -14.0007 209.63 -15.5396
199.473 -11.0007 209.845 -9.41425
199.48 -8.00069 207.13 -9.19602
199.488 -5.0007 206.499 -11.1762
199.495 -2.00071 209.807 -7.31222
199.503 0.999285 207.762 -7.58015
199.51 3.99928 208.602 -1.18757
199.518 6.99927 210.785 -2.20122
199.525 9.99926 205.48 6.33876
199.533 12.9992 208.704 4.88305
199.54 15.9992 212.398 11.5529
199.548 18.9992 212.966 12.7366
199.555 21.9992 212.43 13.4626
199.563 24.9992 214.521 16.267
199.57 27.9992 215.585 20.0913
199.577 30.9992 212.501 22.4995
199.585 33.9992 207.93 29.1573
199.592 36.9992 206.047 28.113
199.6 39.9992 202.401 35.0451
199.607 42.9992 203.386 40.9499
199.615 45.9992 204.914 42.0413
199.622 48.9991 201.065 44.8101
199.63 51.9991 198.83 47.8013
199.637 54.9991 201.312 48.4945
199.645 57.9991 200.855 48.6975
199.652 60.9991 201.161 55.9826
199.66 63.9991 204.949 55.2465
199.667 66.9991 203.958 62.2064
199.675 69.9991 199.844 66.2973
199.682 72.9991 202.619 65.6386
199.69 75.9991 201.099 72.6232
199.698 78.9991 204.367 75.3603
199.705 81.9991 205.473 82.1413
199.713 84.9991 205.317 81.7882
199.72 87.999 203.143 80.7974
199.728 90.999 200.766 85.2739
199.735 93.999 201.489 88.7788
199.743 96.999 203.366 93.3224
199.75 99.999 202.162 96.1252
199.758 102.999 201.129 97.7784
199.765 105.999 205.575 105.153
199.773 108.999 206.45 107.948
199.78 111.999 207.383 108.702
199.788 114.999 202.832 108.97
199.795 117.999 197.993 116.967
199.803 120.999 196.128 119.233
199.81 123.999 199.845 127.102
199.818 126.999 203.916 126.877
199.825 129.999 200.077 130.25
199.833 132.999 195.636 137.827
199.84 135.999 195.606 143.071
199.848 138.999 200.208 145.288
199.855 141.999 204.749 144.516
199.863 144.999 205.897 143.66
199.87 147.999 204.247 150.92
199.878 150.999 207.489 149.573
199.885 153.999 205.662 154.428
199.893 156.999 206.268 159.418
199.9 159.999 205.438 160.704
199.908 162.999 207.674 168.174
199.915 165.999 204.561 173.975
199.923 168.999 205.266 181.295
199.93 171.999 202.467 187.703
199.938 174.999 200.361 194.645
199.945 177.999 202.951 198.324
199.952 180.999 201.289 205.065
199.96 183.999 201.044 211.905
199.967 186.999 205.897 211.492
199.975 189.999 204.996 202.91
199.982 192.999 200.782 207.228
199.99 195.999 200.717 208.47
199.997 198.999 202.642 209.451
199.997 198.999 202.642 209.451
199.997 198.999 202.642 209.451
199.997 198.999 202.642 209.451
199.997 198.999 202.642 209.451
199.997 198.999 202.642 209.451
199.997 198.999 202.642 209.451
199.997 198.999 202.642 209.451
199.997 198.999 202.642 209.451
199.997 198.999 202.642 209.451
199.997 198.999 202.642 209.451
199.997 198.999 202.642 209.451
199.997 198.999 202.642 209.451
199.997 198.999 202.642 209.451
199.997 198.999 202.642 209.451
199.997 198.999 202.642 209.451
199.997 198.999 202.642 209.451
199.997 198.999 202.642 209.451
196.998 199.006 196.901 204.702
193.998 199.014 190.936 208.718
190.998 199.021 189.276 213.421
187.998 199.029 190.151 214.067
184.998 199.036 187.359 213.941
181.998 199.044 184.286 214.629
178.998 199.051 177.388 218.622
175.998 199.059 169.781 214.723
172.998 199.066 166.896 217.224
169.998 199.074 168.735 207.262
166.998 199.081 166.646 208.759
163.998 199.089 161.017 209.058
160.998 199.096 162.517 208.271
157.998 199.104 163.607 207.372
154.998 199.111 163.307 209.114
151.998 199.119 165.033 204.459
148.998 199.126 158.032 201.676
145.998 199.134 159.144 197.322
142.998 199.141 158.399 193.97
139.998 199.149 145.878 199.018
136.998 199.156 141.889 199.686
133.998 199.164 137.739 197.917
130.998 199.171 138.095 193.183
127.998 199.179 133.916 195.759
124.998 199.186 128.228 197.398
121.998 199.194 124.382 195.665
118.998 199.201 117.684 200.287
115.998 199.209 113.333 196.861
112.998 199.216 106.038 200.477
109.998 199.224 106.57 201.065
106.998 199.231 100.55 198.37
103.998 199.239 101.033 201.577
100.998 199.246 100.151 200.795
97.9979 199.254 97.3615 202.994
94.9979 199.261 93.1373 203.343
91.9979 199.269 89.7822 200.273
88.998 199.276 88.4696 204.581
85.998 199.284 80.5061 204.843
82.998 199.291 79.0106 203.75
79.998 199.299 78.6612 201.319
76.998 199.306 76.5525 204.139
73.998 199.314 69.7583 206.415
70.998 199.321 63.2868 207.836
67.998 199.329 60.6929 212.186
64.998 199.336 60.7872 209.018
61.998 199.344 52.8928 208.054
58.998 199.351 51.1685 209.257
55.998 199.359 52.6687 210.627
52.998 199.366 49.9335 209.602
49.9981 199.374 46.7955 205.395
46.9981 199.381 45.5303 209.881
43.9981 199.389 43.9421 210.897
40.9981 199.396 42.042 209.45
37.9981 199.404 34.823 213.004
34.9981 199.411 29.3663 212.982
31.9981 199.419 29.3954 214.443
28.9981 199.426 22.2449 219.012
25.9981 199.434 19.9955 222.94
22.9981 199.442 21.9615 224.921
19.9981 199.449 17.7612 212.257
16.9981 199.457 15.7062 211.122
13.9982 199.464 10.2901 211.367
10.9982 199.472 4.46273 211.8
7.99818 199.479 -0.580784 216.201
4.99819 199.487 -7.69756 219.501
1.9982 199.494 -13.7789 219.497
-1.00179 199.502 -21.5513 221.614
-4.00178 199.509 -22.8485 223.694
-7.00177 199.517 -26.3748 223.725
-10.0018 199.524 -17.6277 212.421
-13.0018 199.532 -17.8042 211.44
-16.0017 199.539 -22.6466 213.613
-19.0017 199.547 -30.0353 216.523
-22.0017 199.554 -30.4896 221.286
-25.0017 199.562 -33.0714 225.177
-28.0017 199.569 -37.6577 225.621
-31.0017 199.577 -41.0543 227.293
-34.0017 199.584 -39.9294 228.704
-37.0017 199.592 -42.3927 227.606
-40.0017 199.599 -41.2566 213.625
-43.0017 199.607 -46.1037 208.786
-46.0017 199.614 -50.6168 207.681
-49.0016 199.622 -49.7931 209.76
-52.0016 199.629 -49.1722 207.63
-55.0016 199.637 -55.9376 207.229
-58.0016 199.644 -61.3127 205.439
-61.0016 199.652 -62.5971 204.504
-64.0016 199.659 -64.8257 202.96
-67.0016 199.667 -68.8554 201.606
-70.0016 199.674 -69.6737 200.481
-73.0016 199.682 -77.2387 198.256
-76.0016 199.689 -83.7349 200.624
-79.0016 199.697 -88.2326 202.018
-82.0016 199.704 -95.2079 198.876
-85.0016 199.712 -102.973 200.332
-88.0015 199.719 -107.254 203.877
-91.0015 199.727 -114.383 204.352
-94.0015 199.734 -120.6 202.44
-97.0015 199.742 -118.725 203.151
-100.002 199.749 -109.834 199.167
-103.002 199.757 -114.95 199.683
-106.002 199.765 -113.764 203.812
-109.001 199.772 -117.509 208.172
-112.001 199.78 -120.842 209.282
-115.001 199.787 -124.84 208.325
-118.001 199.795 -129.312 204.639
-121.001 199.802 -136.954 209.253
-124.001 199.81 -139.645 209.788
-127.001 199.817 -140.848 214.259
-130.001 199.825 -138.636 207.874
-133.001 199.832 -145.009 210.048
-136.001 199.84 -152.019 212.695
-139.001 199.847 -159.158 210.269
-142.001 199.855 -162.429 212.012
-145.001 199.862 -164.017 210.178
-148.001 199.87 -171.425 210.436
-151.001 199.877 -170.049 209.719
-154.001 199.885 -170.79 210.711
-157.001 199.892 -177.813 207.536
-160.001 199.9 -172.181 206.13
-163.001 199.907 -171.465 205.901
-166.001 199.915 -177.228 205.496
-169.001 199.922 -180.614 204.409
-172.001 199.93 -182.945 202.361
-175.001 199.937 -184.602 199.824
-178.001 199.945 -186.18 200.44
-181.001 199.952 -190.903 198.974
-184.001 199.96 -193.566 201.568
-187.001 199.967 -194.018 201.057
-190.001 199.975 -192.381 201.705
-193.001 199.982 -190.96 199.886
-196.001 199.99 -194.522 197.356
-199.001 199.997 -195.676 201.32
-199.001 199.997 -195.676 201.32
-199.001 199.997 -195.676 201.32
-199.001 199.997 -195.676 201.32
-199.001 199.997 -195.676 201.32
-199.001 199.997 -195.676 201.32
-199.001 199.997 -195.676 201.32
-199.001 199.997 -195.676 201.32
-199.001 199.997 -195.676 201.32
-199.001 199.997 -195.676 201.32
-199.001 199.997 -195.676 201.32
-199.001 199.997 -195.676 201.32
-199.001 199.997 -195.676 201.32
-199.001 199.997 -195.676 201.32
-199.001 199.997 -195.676 201.32
-199.001 199.997 -195.676 201.32
-199.001 199.997 -195.676 201.32
-199.001 199.997 -195.676 201.32
-199.001 199.997 -195.676 201.32
-199.001 199.997 -195.676 201.32
-199.001 199.997 -195.676 201.32
-199.001 199.997 -195.676 201.32
-199.001 199.997 -195.676 201.32
-199.001 199.997 -195.676 201.32
-199.001 199.997 -195.676 201.32
-199.001 199.997 -195.676 201.32
-199.001 199.997 -195.676 201.32
-199.001 199.997 -195.676 201.32
-199.001 199.997 -195.676 201.32
-199.001 199.997 -195.676 201.32
-199.001 199.997 -195.676 201.32
-199.001 199.997 -195.676 201.32
-199.001 199.997 -195.676 201.32
-199.001 199.997 -195.676 201.32
-199.001 199.997 -195.676 201.32
-199.001 199.997 -195.676 201.32
-199.001 199.997 -195.676 201.32
-199.001 199.997 -195.676 201.32
-199.001 199.997 -195.676 201.32
-199.001 199.997 -195.676 201.32
-199.001 199.997 -195.676 201.32
-199.001 199.997 -195.676 201.32
-199.001 199.997 -195.676 201.32
-199.001 199.997 -195.676 201.32
-199.001 199.997 -195.676 201.32
-199.001 199.997 -195.676 201.32
-199.001 199.997 -195.676 201.32
-199.001 199.997 -195.676 201.32
-199.009 196.998 -194.685 201.574
-199.016 193.998 -190.922 193.601
-199.024 190.998 -195.274 186.142
-199.031 187.998 -196.041 179.487
-199.039 184.998 -192.976 174.463
-199.046 181.998 -192.665 167.033
-199.054 178.998 -194.929 161.593
-199.061 175.998 -197.852 160.271
-199.069 172.998 -198.338 156.864
-199.076 169.998 -198.981 160.939
-199.083 166.998 -196.724 156.591
-199.091 163.998 -201.197 156.799
-199.098 160.998 -202.364 151.741
-199.106 157.998 -205.987 147.032
-199.113 154.998 -209.407 139.561
-199.121 151.998 -212.992 133.903
-199.128 148.998 -215.292 133.458
-199.136 145.998 -216.528 133.969
-199.143 142.998 -213.502 128.638
-199.151 139.998 -203.835 133.11
-199.158 136.998 -200.441 130.088
-199.166 133.998 -199.743 123.333
-199.173 130.998 -194.87 117.018
-199.181 127.998 -198.02 118.325
-199.188 124.998 -193.535 116.086
-199.196 121.998 -190.416 112.208
-199.203 118.998 -192.666 113.502
-199.211 115.998 -192.382 106.958
-199.218 112.998 -188.213 99.0872
-199.226 109.998 -194.453 102.529
-199.233 106.998 -193.381 100.778
-199.241 103.998 -198.032 98.8062
-199.248 100.998 -200.829 97.6799
-199.256 97.9979 -197.156 90.9986
-199.263 94.9979 -194.024 83.0975
-199.271 91.9979 -197.51 76.9608
-199.278 88.998 -198.041 75.3026
-199.286 85.998 -197.147 74.5724
-199.293 82.998 -193.067 72.9029
-199.301 79.998 -196.823 75.2061
-199.308 76.998 -196.282 75.7267
-199.316 73.998 -196.784 67.9216
-199.323 70.998 -198.422 62.3179
-199.331 67.998 -201.249 55.6288
-199.338 64.998 -203.392 47.6745
-199.346 61.998 -207.615 40.1707
-199.353 58.998 -203.985 34.7717
-199.361 55.998 -205.362 35.4948
-199.368 52.998 -209.159 28.3835
-199.376 49.9981 -204.935 37.4846
-199.383 46.9981 -206.216 36.1154
-199.391 43.9981 -207.963 30.3057
-199.398 40.9981 -206.608 29.3141
-199.406 37.9981 -204.878 29.3472
-199.413 34.9981 -207.003 30.4222
-199.421 31.9981 -203.567 22.5095
-199.428 28.9981 -202.382 22.3459
-199.436 25.9981 -206.49 14.3981
-199.443 22.9981 -203.209 9.40479
-199.451 19.9981 -203.243 13.8957
-199.458 16.9981 -206.463 15.4808
-199.466 13.9982 -202.508 13.924
-199.473 10.9982 -207.087 12.6836
-199.481 7.99818 -208.244 8.07282
-199.488 4.99819 -204.161 0.404868
-199.496 1.9982 -206.049 -1.45831
-199.503 -1.00179 -207.602 0.0253268
-199.511 -4.00178 -204.817 -6.57111
-199.518 -7.00177 -204.481 -9.02406
-199.526 -10.0018 -202.778 -11.8133
-199.533 -13.0018 -206.489 -13.1771
-199.541 -16.0017 -203.194 -20.8065
-199.548 -19.0017 -204.675 -23.4476
-199.555 -22.0017 -201.785 -31.4348
-199.563 -25.0017 -199.214 -33.76
-199.57 -28.0017 -196.667 -38.6462
-199.578 -31.0017 -199.754 -38.1078
-199.585 -34.0017 -200.043 -37.4546
-199.593 -37.0017 -204.92 -41.123
-199.6 -40.0017 -200.327 -40.5317
-199.608 -43.0017 -195.345 -44.9756
-199.615 -46.0017 -195.891 -47.1891
-199.623 -49.0017 -195.329 -47.2671
-199.63 -52.0016 -193.182 -48.2759
-199.638 -55.0016 -197.58 -54.2594
-199.645 -58.0016 -198.734 -56.2298
-199.653 -61.0016 -197.657 -60.8317
-199.66 -64.0016 -199.655 -59.5511
-199.668 -67.0016 -195.72 -62.3125
-199.675 -70.0016 -196.03 -67.1047
-199.683 -73.0016 -198.399 -65.7436
-199.69 -76.0016 -197.61 -65.8172
-199.698 -79.0016 -192.707 -72.9063
-199.705 -82.0016 -192.968 -76.3462
-199.713 -85.0016 -189.959 -76.3829
-199.72 -88.0015 -191.902 -75.4397
-199.728 -91.0015 -192.199 -73.6
-199.735 -94.0015 -192.216 -74.8071
-199.743 -97.0015 -189.77 -81.7164
-199.75 -100.002 -193.342 -93.3529
-199.758 -103.002 -190.424 -99.1957
-199.765 -106.002 -194.312 -100.32
-199.773 -109.001 -190.325 -107.38
-199.78 -112.001 -187.182 -111.366
-199.788 -115.001 -190.836 -110.24
-199.795 -118.001 -186.451 -111.257
-199.803 -121.001 -189.459 -115.522
-199.81 -124.001 -192.278 -123.276
-199.818 -127.001 -196.665 -125.263
-199.825 -130.001 -199.978 -127.327
-199.833 -133.001 -194.986 -135.309
-199.84 -136.001 -194.765 -140.935
-199.848 -139.001 -193.487 -146.69
-199.855 -142.001 -193.994 -153.778
-199.863 -145.001 -197.813 -158.686
-199.87 -148.001 -197.445 -161.605
-199.878 -151.001 -200.325 -163.455
-199.885 -154.001 -199.759 -168.652
-199.893 -157.001 -204.438 -170.052
-199.9 -160.001 -203.635 -168.709
-199.908 -163.001 -200.508 -170.538
-199.915 -166.001 -203.014 -169.736
-199.923 -169.001 -200.666 -170.637
-199.93 -172.001 -201.04 -173.747
-199.938 -175.001 -205.709 -175.161
-199.945 -178.001 -203.743 -180.632
-199.953 -181.001 -208.055 -184.195
-199.96 -184.001 -206.919 -182.217
-199.968 -187.001 -205.149 -185.809
-199.975 -190.001 -204.921 -189.456
-199.983 -193.001 -208.683 -188.575
-199.99 -196.001 -211.46 -191.839
-199.998 -199.001 -207.811 -196.271
-199.998 -199.001 -207.811 -196.271
-199.998 -199.001 -207.811 -196.271
-199.998 -199.001 -207.811 -196.271
-199.998 -199.001 -207.811 -196.271
-199.998 -199.001 -207.811 -196.271
-199.998 -199.001 -207.811 -196.271
-199.998 -199.001 -207.811 -196.271
-199.998 -199.001 -207.811 -196.271
-199.998 -199.001 -207.811 -196.271
-199.998 -199.001 -207.811 -196.271
-199.998 -199.001 -207.811 -196.271
-199.998 -199.001 -207.811 -196.271
-199.998 -199.001 -207.811 -196.271
-199.998 -199.001 -207.811 -196.271
-199.998 -199.001 -207.811 -196.271
-196.998 -199.009 -202.609 -191.565
-193.998 -199.016 -197.634 -194.8
-190.998 -199.024 -195.403 -199.578
-187.998 -199.031 -192.788 -197.471
-184.998 -199.039 -193.946 -201.314
-181.998 -199.046 -187.742 -203.814
-178.998 -199.054 -183.584 -204.733
-175.998 -199.061 -182.252 -199.845
-172.998 -199.069 -176.396 -200.131
-169.998 -199.076 -172.633 -202.128
-166.998 -199.083 -168.307 -202.398
-163.998 -199.091 -166.11 -201.583
-160.998 -199.098 -167.056 -201.719
-157.998 -199.106 -166.68 -202.244
-154.998 -199.113 -160.344 -202.355
-151.998 -199.121 -159.059 -201.984
-148.998 -199.128 -153.129 -206.509
-145.998 -199.136 -150.342 -209.589
-142.998 -199.143 -144.178 -206.519
-139.998 -199.151 -144.035 -203.301
-136.998 -199.158 -144.327 -203.052
-133.998 -199.166 -138.27 -198.999
-130.998 -199.173 -131.441 -196.192
-127.998 -199.181 -126.99 -193.89
-124.998 -199.188 -119.373 -194.346
-121.998 -199.196 -113.677 -198.114
-118.998 -199.203 -114.193 -202.678
-115.998 -199.211 -110.137 -202.933
-112.998 -199.218 -107.857 -202.812
-109.998 -199.226 -100.621 -205.102
-106.998 -199.233 -93.9221 -204.332
-103.998 -199.241 -96.5599 -202.189
-100.998 -199.248 -90.7929 -200.324
-97.9979 -199.256 -86.7458 -202.188
-94.998 -199.263 -81.4756 -204.013
-91.998 -199.271 -81.9889 -208.507
-88.998 -199.278 -81.3945 -209.95
-85.998 -199.286 -80.4978 -211.587
-82.998 -199.293 -75.836 -210.094
-79.998 -199.301 -76.6798 -214.333
-76.998 -199.308 -68.7941 -210.971
-73.998 -199.316 -68.2651 -206.871
-70.998 -199.323 -67.2377 -204.115
-67.998 -199.331 -62.8488 -205.094
-64.998 -199.338 -57.664 -203.451
-61.998 -199.346 -54.274 -200.965
-58.998 -199.353 -47.1824 -197.695
-55.9981 -199.361 -48.0002 -201.987
-52.9981 -199.368 -43.8648 -202.297
-49.9981 -199.376 -38.3743 -199.405
-46.9981 -199.383 -32.55 -198.336
-43.9981 -199.391 -36.2756 -200.375
-40.9981 -199.398 -31.728 -196.356
-37.9981 -199.406 -23.9031 -192.982
-34.9981 -199.413 -20.8858 -193.171
-31.9981 -199.421 -21.001 -194.084
-28.9981 -199.428 -22.3363 -190.275
-25.9981 -199.436 -21.3765 -193.141
-22.9981 -199.443 -21.0597 -191.927
-19.9982 -199.451 -21.8681 -194.145
-16.9982 -199.458 -14.2275 -196.749
-13.9982 -199.466 -11.9664 -198.652
-10.9982 -199.473 -7.8414 -196.593
-7.99819 -199.481 -8.12642 -194.27
-4.9982 -199.488 -10.0861 -193.443
-1.99821 -199.496 -7.46016 -197.706
1.00178 -199.503 -2.39727 -201.158
4.00177 -199.511 -0.847671 -197.733
7.00176 -199.518 -1.11453 -195.564
10.0017 -199.526 2.72029 -196.237
13.0017 -199.533 7.47723 -200.814
16.0017 -199.541 12.7233 -200.218
19.0017 -199.548 16.8631 -204.29
22.0017 -199.555 20.9744 -205.598
25.0017 -199.563 19.8405 -201.835
28.0017 -199.57 23.5469 -206.678
31.0017 -199.578 24.6615 -203.322
34.0017 -199.585 32.3103 -202.848
37.0017 -199.593 39.2214 -206.963
40.0017 -199.6 39.002 -203.037
43.0017 -199.608 45.6653 -201.053
46.0016 -199.615 48.8473 -201.08
49.0016 -199.623 47.125 -205.094
52.0016 -199.63 53.6412 -207.958
55.0016 -199.638 59.2532 -205.428
58.0016 -199.645 66.3414 -203.273
61.0016 -199.653 71.5834 -200.402
64.0016 -199.66 72.72 -198.426
67.0016 -199.668 74.7466 -194.546
70.0016 -199.675 77.6915 -195.132
73.0016 -199.683 83.0023 -196.884
76.0016 -199.69 80.0142 -199.397
79.0016 -199.698 83.2324 -197.55
82.0015 -199.705 86.8956 -198.179
85.0015 -199.713 85.8349 -202.05
88.0015 -199.72 84.6962 -201.473
91.0015 -199.728 83.5258 -206.281
94.0015 -199.735 85.244 -203.65
97.0015 -199.743 85.2053 -204.011
100.002 -199.75 84.8685 -204.924
103.001 -199.758 85.7363 -200.673
106.001 -199.765 96.8489 -202.25
109.001 -199.773 95.5149 -203.079
112.001 -199.78 96.1395 -198.71
115.001 -199.788 101.149 -198.155
118.001 -199.795 103.197 -203.162
121.001 -199.803 105.497 -207.155
124.001 -199.81 108.489 -207.376
127.001 -199.818 114.927 -210.854
130.001 -199.825 119.968 -214.797
133.001 -199.833 123.653 -211.508
136.001 -199.84 133.357 -206.318
139.001 -199.848 135.453 -203.539
142.001 -199.855 134.987 -206.824
145.001 -199.863 139.735 -204.26
148.001 -199.87 138.18 -199.566
151.001 -199.878 143.056 -195.582
154.001 -199.885 145.411 -195.567
157.001 -199.893 151.805 -197.186
160.001 -199.9 156.641 -199.691
163.001 -199.908 164.564 -203.563
166.001 -199.915 168.473 -201.058
169.001 -199.923 171.763 -199.237
172.001 -199.93 179.46 -201.453
175.001 -199.938 179.617 -200.351
178.001 -199.945 178.629 -200.712
181.001 -199.953 181.233 -202.59
184.001 -199.96 180.731 -205.111
187.001 -199.968 184.52 -203.144
190.001 -199.975 187.109 -201.694
193.001 -199.983 193.197 -204.95
196.001 -199.99 194.443 -200.544
199.001 -199.998 201.835 -201.438
199.001 -199.998 201.835 -201.438
199.001 -199.998 201.835 -201.438
199.001 -199.998 201.835 -201.438
199.001 -199.998 201.835 -201.438
199.001 -199.998 201.835 -201.438
199.001 -199.998 201.835 -201.438
199.001 -199.998 201.835 -201.438
199.001 -199.998 201.835 -201.438
199.001 -199.998 201.835 -201.438
199.001 -199.998 201.835 -201.438
199.001 -199.998 201.835 -201.438
199.001 -199.998 201.835 -201.438
199.001 -199.998 201.835 -201.438
199.001 -199.998 201.835 -201.438
199.001 -199.998 201.835 -201.438
199.001 -199.998 201.835 -201.438
199.001 -199.998 201.835 -201.438
199.009 -196.998 200.48 -200.519
199.016 -193.998 200.839 -193.559
199.024 -190.998 199.273 -192.511
199.031 -187.998 202.94 -184.822
199.039 -184.998 198.438 -179.648
199.046 -181.998 199.559 -172.5
199.054 -178.998 196.661 -173.06
199.061 -175.998 193.761 -174.791
199.068 -172.998 196.79 -170
199.076 -169.998 196.282 -167.067
199.083 -166.998 196.498 -164.626
199.091 -163.998 195.597 -162.729
199.098 -160.998 195.502 -162.562
199.106 -157.998 194.991 -163.81
199.113 -154.998 195.437 -161.073
199.121 -151.998 193.01 -156.371
199.128 -148.998 189.522 -154.059
199.136 -145.998 185.443 -152.229
199.143 -142.998 189.61 -145.44
199.151 -139.998 186.448 -145.19
199.158 -136.998 182.842 -147.043
199.166 -133.998 190.944 -137.354
199.173 -130.998 194.613 -136.028
199.181 -127.998 191.831 -133.081
199.188 -124.998 193.497 -125.517
199.196 -121.998 191.882 -120.639
199.203 -118.998 190.8 -113.134
199.211 -115.998 191.417 -114.442
199.218 -112.998 188.677 -115.858
199.226 -109.998 192.437 -115.073
199.233 -106.998 190.879 -108.527
199.241 -103.998 196.166 -104.367
199.248 -100.998 192.132 -96.3739
199.256 -97.9979 190.121 -88.7297
199.263 -94.998 191.445 -84.3767
199.271 -91.998 193.984 -86.3644
199.278 -88.998 191.129 -79.8776
199.286 -85.998 191.503 -71.8914
199.293 -82.998 192.308 -66.4787
199.301 -79.998 188.254 -66.6856
199.308 -76.998 193.09 -59.3569
199.316 -73.998 198.367 -65.2785
199.323 -70.998 201.191 -66.0351
199.331 -67.998 196.301 -59.8175
199.338 -64.998 194.338 -52.0075
199.346 -61.998 190.249 -44.9855
199.353 -58.998 190.917 -41.3945
199.361 -55.9981 192.828 -43.2616
199.368 -52.9981 191.973 -39.5534
199.376 -49.9981 189.245 -39.1206
199.383 -46.9981 188.033 -38.0424
199.391 -43.9981 191.802 -39.8743
199.398 -40.9981 191.068 -38.7869
199.406 -37.9981 186.85 -30.8092
199.413 -34.9981 183.744 -28.9867
199.421 -31.9981 179.325 -27.6102
199.428 -28.9981 180.972 -27.6587
199.436 -25.9981 182.605 -20.6235
199.443 -22.9981 177.799 -19.4601
199.451 -19.9982 178.402 -14.0093
199.458 -16.9982 175.907 -6.90675
199.466 -13.9982 187.786 -9.84727
199.473 -10.9982 185.022 -9.89776
199.481 -7.99819 185.516 -9.50603
199.488 -4.9982 189.841 -7.55389
199.496 -1.99821 189.341 -4.37064
199.503 1.00178 193.891 -1.10086
199.511 4.00177 195.534 0.180631
199.518 7.00176 198.78 4.64932
199.526 10.0017 200.383 9.32539
199.533 13.0017 202.298 11.4564
199.54 16.0017 198.877 15.3463
199.548 19.0017 195.178 18.1603
199.555 22.0017 191.129 16.2898
199.563 25.0017 195.142 24.0612
199.57 28.0017 191.614 26.9965
199.578 31.0017 193.206 25.1146
199.585 34.0017 190.028 27.9784
199.593 37.0017 190.484 31.0522
199.6 40.0017 186.083 33.8549
199.608 43.0017 188.363 38.579
199.615 46.0016 195.044 43.6721
199.623 49.0016 190.593 50.3449
199.63 52.0016 187.562 51.0197
199.638 55.0016 183.732 55.0127
199.645 58.0016 178.869 58.9635
199.653 61.0016 177.896 63.8508
199.66 64.0016 177.144 68.3228
199.668 67.0016 177.289 74.0272
199.675 70.0016 172.667 78.7295
199.683 73.0016 167.86 80.6434
199.69 76.0016 184.802 79.0144
199.698 79.0016 180.86 84.25
199.705 82.0015 179.152 88.4312
199.713 85.0015 175.418 94.7433
199.72 88.0015 172.801 96.4273
199.728 91.0015 172.724 100.377
199.735 94.0015 174.516 106.348
199.743 97.0015 172.882 107.442
199.75 100.002 170.275 114.778
199.758 103.001 173.809 115.954
199.765 106.001 184.82 113.063
199.773 109.001 183.199 113.93
199.78 112.001 187.845 116.663
199.788 115.001 185.305 119.597
199.795 118.001 189.178 123.622
199.803 121.001 185.02 124.815
199.81 124.001 186.985 127.654
199.818 127.001 188.826 134.406
199.825 130.001 190.761 141.95
199.833 133.001 190.573 143.035
199.84 136.001 196.006 139.945
199.848 139.001 195.396 138.506
199.855 142.001 194.078 140.376
199.863 145.001 189.82 145.621
199.87 148.001 187.383 146.566
199.878 151.001 186.599 152.364
199.885 154.001 185.403 152.158
199.893 157.001 182.759 157.164
199.9 160.001 179.336 164.216
199.908 163.001 179.387 162.981
199.915 166.001 187.266 166.907
199.923 169.001 185.792 170.365
199.93 172.001 187.4 174.621
199.938 175.001 192.384 173.103
199.945 178.001 189.93 178.445
199.953 181.001 185.075 178.912
199.96 184.001 184.822 180.544
199.968 187.001 189.061 183.947
199.975 190.001 194.059 181.987
199.983 193.001 191.061 180.523
199.99 196.001 194.476 190.907
199.998 199.001 192.863 194.161
199.998 199.001 192.863 194.161
199.998 199.001 192.863 194.161
199.998 199.001 192.863 194.161
199.998 199.001 192.863 194.161
199.998 199.001 192.863 194.161
199.998 199.001 192.863 194.161
199.998 199.001 192.863 194.161
199.998 199.001 192.863 194.161
199.998 199.001 192.863 194.161
199.998 199.001 192.863 194.161
199.998 199.001 192.863 194.161
199.998 199.001 192.863 194.161
199.998 199.001 192.863 194.161
199.998 199.001 192.863 194.161
199.998 199.001 192.863 194.161
199.998 199.001 192.863 194.161
199.998 199.001 192.863 194.161
196.998 199.009 186.344 189.433
193.998 199.016 190.71 192.32
190.998 199.024 191.959 195.67
187.998 199.031 190.166 197.056
184.998 199.039 186.961 200.217
181.998 199.046 183.062 201.051
178.998 199.054 176.586 199.404
175.998 199.061 175.156 197.185
172.998 199.068 173.683 193.276
169.998 199.076 170.717 191.065
166.998 199.083 172.367 191.181
163.998 199.091 164.551 196.691
160.998 199.098 165.574 197.846
157.998 199.106 164.329 197.816
154.998 199.113 161.737 195.36
151.998 199.121 162.285 193.981
148.998 199.128 162.746 193.095
145.998 199.136 163.59 190.942
142.998 199.143 162.268 195.658
139.998 199.151 159.528 195.061
136.998 199.158 159.489 196.817
133.998 199.166 147.601 196.538
130.998 199.173 145.407 197.246
127.998 199.181 147.336 198.303
124.998 199.188 145.458 198.793
121.998 199.196 144.006 202.51
118.998 199.203 145.682 199.741
115.998 199.211 141.776 200.152
112.998 199.218 138.925 202.823
109.998 199.226 132.525 206.493
106.998 199.233 126.685 204.109
103.998 199.241 112.595 199.493
100.998 199.248 105.622 202.782
97.9979 199.256 106.966 202.57
94.998 199.263 104.608 201.846
91.998 199.271 104.669 199.559
88.998 199.278 100.293 201.944
85.998 199.286 95.7083 197.173
82.998 199.293 95.0459 201.528
79.998 199.301 88.8642 198.749
76.998 199.308 81.7384 198.091
73.998 199.316 78.1612 200.367
70.998 199.323 70.9323 201.147
67.998 199.331 64.1875 196.802
64.998 199.338 61.1013 196.97
61.998 199.346 61.3008 194.946
58.998 199.353 55.5202 190.8
55.9981 199.361 48.4301 189.793
52.9981 199.368 46.7839 194.598
49.9981 199.376 44.5678 197.531
46.9981 199.383 38.8184 196.662
43.9981 199.391 39.9728 196.561
40.9981 199.398 39.3503 197.632
37.9981 199.406 38.6844 202.115
34.9981 199.413 35.3765 202.307
31.9981 199.421 29.9059 200.26
28.9981 199.428 23.8209 196.651
25.9981 199.436 18.2171 198.89
22.9981 199.443 14.0473 194.09
19.9982 199.451 15.5929 191.407
16.9982 199.458 10.586 192.331
13.9982 199.466 12.4084 193.678
10.9982 199.473 13.1234 192.097
7.99819 199.481 10.8551 189.917
4.9982 199.488 3.45189 189.081
1.99821 199.496 1.32045 191.801
-1.00178 199.503 0.434174 193.913
-4.00177 199.511 -7.04609 195.452
-7.00176 199.518 -9.65941 196.792
-10.0017 199.526 -12.364 199.364
-13.0017 199.533 -10.911 202.67
