-200 -200 -204.044 -200.967
-200 -200 -199.564 -202.718
-197 -200 -192.269 -201.847
-194 -200 -189.344 -203.367
-191 -200 -185.515 -204.104
-188 -200 -182.491 -204.699
-185 -200 -176.635 -202.041
-182 -200 -176.951 -201.21
-179 -200 -170.912 -201.495
-176 -200 -169.422 -204.095
-173 -200 -171.05 -208.874
-170 -200 -166.874 -211.184
-167 -200 -159.656 -215.083
-164 -200 -158.618 -212.025
-161 -200 -155.736 -216.226
-158 -200 -153.018 -212.84
-155 -200 -148.653 -211.46
-152 -200 -142.021 -207.272
-149 -200 -141.363 -203.554
-146 -200 -138.904 -199.832
-143 -200 -138.949 -203.507
-140 -200 -134.824 -202.749
-137 -200 -126.874 -205.334
-134 -200 -127.16 -204.489
-131 -200 -121.636 -200.991
-128 -200 -123.162 -201.698
-125 -200 -119.81 -199.566
-122 -200 -112.424 -200.332
-119 -200 -108.534 -199.375
-116 -200 -108.054 -200.153
-113 -200 -102.21 -198.755
-110 -200 -101.586 -202.365
-107 -200 -98.411 -206.538
-104 -200 -94.8876 -208.669
-101 -200 -93.6176 -211.417
-98 -200 -92.2019 -215.652
-95 -200 -90.6909 -220.567
-92 -200 -83.8844 -221.546
-89 -200 -76.4335 -219.042
-86 -200 -73.6861 -216.179
-83 -200 -73.8199 -211.964
-80 -200 -71.4365 -207.753
-77 -200 -63.7312 -206.183
-74 -200 -57.0657 -205.481
-71 -200 -57.8018 -202.48
-68 -200 -54.4968 -202.488
-65 -200 -50.9187 -201.435
-62 -200 -50.1913 -202.004
-59 -200 -47.5607 -199.287
-56 -200 -46.0125 -195.806
-53 -200 -40.3496 -198.695
-50 -200 -42.1648 -196.175
-47 -200 -40.8446 -195.225
-44 -200 -42.8346 -192.938
-41 -200 -42.0233 -193.41
-38 -200 -40.4734 -197.883
-35 -200 -36.4635 -195.829
-32 -200 -31.1317 -193.571
-29 -200 -23.9878 -197.845
-26 -200 -19.1121 -195.016
-23 -200 -20.6375 -192.241
-20 -200 -21.1301 -189.217
-17 -200 -18.532 -186.745
-14 -200 -18.9876 -183.643
-11 -200 -11.649 -180.763
-8 -200 -8.43289 -184.401
-5 -200 -2.58689 -185.976
-2 -200 -3.93212 -186.519
1 -200 -2.56669 -185.744
4 -200 4.53332 -182.54
7 -200 9.02705 -184.584
10 -200 10.4119 -185.348
13 -200 8.61649 -181.214
16 -200 6.8965 -182.715
19 -200 12.5194 -186.639
22 -200 11.1412 -186.278
25 -200 11.616 -186.802
28 -200 17.3718 -191.402
31 -200 18.4761 -188.939
34 -200 23.388 -191.486
37 -200 24.412 -194.517
40 -200 24.2967 -195.02
43 -200 24.8122 -191.283
46 -200 29.5977 -194.047
49 -200 30.7265 -193.165
52 -200 30.6665 -197.923
55 -200 36.8626 -197.644
58 -200 42.847 -201.965
61 -200 46.4793 -201.892
64 -200 49.8091 -200.804
67 -200 54.4061 -202.509
70 -200 53.3717 -198.497
73 -200 60.8747 -202.488
76 -200 62.6062 -204.5
79 -200 67.7453 -204.169
82 -200 69.6174 -206.909
85 -200 71.9439 -202.869
88 -200 78.8921 -198.393
91 -200 77.6088 -196.587
94 -200 79.3611 -197.735
97 -200 82.7682 -198.004
100 -200 84.4742 -197.53
103 -200 86.8487 -198.263
106 -200 89.5551 -198.498
109 -200 94.719 -200.491
112 -200 101.93 -203.163
115 -200 104.908 -204.458
118 -200 109.113 -202.465
121 -200 116.84 -205.885
124 -200 124.545 -205.849
127 -200 128.257 -208.732
130 -200 133.346 -208.754
133 -200 136.671 -213.029
136 -200 143.684 -209.572
139 -200 150.132 -210.286
142 -200 157.475 -210.441
145 -200 163.235 -210.868
148 -200 166.961 -209.493
151 -200 165.348 -208.032
154 -200 169.128 -209.125
157 -200 172.66 -204.614
160 -200 179.571 -205.015
163 -200 186.923 -208.894
166 -200 193.676 -208.875
169 -200 191.713 -210.431
172 -200 195.951 -209.484
175 -200 203.647 -205.058
178 -200 203.363 -208.285
181 -200 209.684 -203.679
184 -200 210.573 -200.831
187 -200 210.891 -197.938
190 -200 213.708 -199.69
193 -200 214.761 -199.338
196 -200 218.54 -200.327
199 -200 218.054 -203.348
199 -200 222.232 -201.365
199 -200 226.612 -206.113
199 -200 231.091 -207.039
199 -200 227.548 -210.176
199 -200 225.51 -208.875
199 -200 221.03 -212.517
199 -200 222.573 -207.998
199 -200 226.241 -209.766
199 -200 225.545 -213.463
199 -200 230.1 -216.865
199 -200 234.638 -217.412
199 -200 236.83 -214.138
199 -200 236.451 -213.74
199 -200 232.965 -215.276
199 -200 236.344 -215.615
199 -200 233.265 -212.145
199.008 -197 230.546 -209.637
199.015 -194 235.403 -204.317
199.023 -191 238.875 -197.917
199.03 -188 242.931 -195.167
199.038 -185 239.016 -190.614
199.045 -182 239.069 -185.191
199.053 -179 235.284 -185.22
199.06 -176 240.003 -178.007
199.068 -173 242.825 -174.74
199.075 -170 241.411 -170.208
199.083 -167 241.512 -169.164
199.09 -164 246.203 -170.453
199.098 -161 242.169 -170.511
199.105 -158 242.571 -170.487
199.113 -155 239.632 -164.533
199.12 -152 241.357 -164.897
199.128 -149 240.204 -163.605
199.135 -146 239.627 -156.256
199.143 -143 240.55 -157.725
199.15 -140 245.384 -158.626
199.158 -137 240.624 -159.613
199.165 -134 241.559 -159.757
199.173 -131 237.905 -158.01
199.18 -128 235.508 -151.44
199.188 -125 236.139 -144.164
199.195 -122 239.957 -143.529
199.203 -119 239.887 -145.504
199.21 -116 239.534 -143.374
199.218 -113 236.758 -136.18
199.225 -110 239.957 -132.017
199.233 -107 241.373 -133.872
199.24 -104 241.146 -130.113
199.248 -101 242.87 -130.333
199.255 -98.0004 245.603 -126.879
199.263 -95.0005 241.229 -127.167
199.27 -92.0005 243.566 -123.897
199.278 -89.0005 241.14 -125.214
199.285 -86.0005 245.04 -125.761
199.293 -83.0005 249.37 -121.296
199.3 -80.0005 253.205 -114.153
199.308 -77.0005 250.603 -106.59
199.315 -74.0005 246.495 -105.36
199.323 -71.0005 243.215 -102.364
199.33 -68.0005 245.151 -99.8133
199.338 -65.0005 244.444 -97.5838
199.345 -62.0005 249.344 -94.491
199.353 -59.0005 252.539 -96.0618
199.36 -56.0005 254.506 -91.8488
199.368 -53.0006 258.644 -88.7347
199.375 -50.0006 253.734 -82.9827
199.383 -47.0006 257.652 -81.4862
199.39 -44.0006 258.172 -75.4461
199.398 -41.0006 260.462 -73.2005
199.405 -38.0006 263.677 -66.323
199.413 -35.0006 262.236 -66.7638
199.42 -32.0006 258.682 -61.0227
199.428 -29.0006 253.929 -60.4858
199.435 -26.0006 256.165 -54.369
199.443 -23.0006 255.149 -56.3136
199.45 -20.0006 259.749 -50.3571
199.458 -17.0007 264.203 -49.6057
199.465 -14.0007 265.226 -45.3459
199.473 -11.0007 265.44 -39.2205
199.48 -8.00069 262.725 -39.0023
199.488 -5.0007 262.094 -40.9825
199.495 -2.00071 265.402 -37.1185
199.503 0.999285 263.357 -37.3864
199.51 3.99928 264.197 -30.9939
199.518 6.99927 266.38 -32.0075
199.525 9.99926 267.03 -27.128
199.533 12.9992 270.254 -28.5837
199.54 15.9992 273.948 -21.9139
199.548 18.9992 274.516 -20.7302
199.555 21.9992 273.98 -20.0042
199.563 24.9992 276.071 -17.1998
199.57 27.9992 277.135 -13.3755
199.577 30.9992 274.051 -10.9673
199.585 33.9992 269.48 -4.30947
199.592 36.9992 267.597 -5.35379
199.6 39.9992 266.752 -3.37585
199.607 42.9992 267.737 2.52904
199.615 45.9992 269.265 3.6204
199.622 48.9991 265.416 6.38921
199.63 51.9991 263.181 9.38036
199.637 54.9991 265.663 10.0736
199.645 57.9991 265.206 10.2766
199.652 60.9991 265.512 17.5617
199.66 63.9991 269.3 16.8256
199.667 66.9991 268.309 23.7855
199.675 69.9991 264.365 24.1746
199.682 72.9991 267.139 23.5159
199.69 75.9991 265.62 30.5006
199.698 78.9991 268.887 33.2376
199.705 81.9991 269.993 40.0186
199.713 84.9991 269.837 39.6655
199.72 87.999 267.663 38.6747
199.728 90.999 265.286 43.1512
199.735 93.999 266.01 46.6561
199.743 96.999 267.886 51.1998
199.75 99.999 269.094 50.1287
199.758 102.999 268.061 51.782
199.765 105.999 272.507 59.1562
199.773 108.999 273.382 61.9517
199.78 111.999 274.315 62.7054
199.788 114.999 269.764 62.9736
199.795 117.999 264.925 70.9703
199.803 120.999 263.06 73.2369
199.81 123.999 266.777 81.1057
199.818 126.999 270.848 80.8805
199.825 129.999 267.261 84.5036
199.833 132.999 262.82 92.0808
199.84 135.999 262.79 97.3251
199.848 138.999 267.392 99.5421
199.855 141.999 271.933 98.7697
199.863 144.999 273.081 97.9139
199.87 147.999 271.431 105.174
199.878 150.999 274.673 103.827
199.885 153.999 272.846 108.682
199.893 156.999 273.452 113.672
199.9 159.999 278.16 115.664
199.908 162.999 280.396 123.134
199.915 165.999 277.283 128.934
199.923 168.999 277.989 136.255
199.93 171.999 275.189 142.663
199.938 174.999 273.083 149.604
199.945 177.999 275.673 153.283
199.952 180.999 274.011 160.025
199.96 183.999 273.766 166.864
199.967 186.999 278.619 166.452
199.975 189.999 282.738 170.782
199.982 192.999 278.525 175.1
199.99 195.999 278.46 176.342
199.997 198.999 280.385 177.323
199.997 198.999 284.805 174.338
199.997 198.999 287.47 172.423
199.997 198.999 285.283 176.749
199.997 198.999 287.776 173.738
199.997 198.999 288.941 171.847
199.997 198.999 291.985 176.667
199.997 198.999 290.459 174.632
199.997 198.999 288.937 170.258
199.997 198.999 290.018 173.2
199.997 198.999 288.768 177.572
199.997 198.999 289.924 181.905
199.997 198.999 292.795 177.454
199.997 198.999 289.699 177.157
199.997 198.999 288.542 176.577
199.997 198.999 288.94 176.823
199.997 198.999 291.393 179.401
199.997 198.999 292.853 176.396
196.998 199.006 287.112 171.647
193.998 199.014 281.147 175.662
190.998 199.021 279.487 180.366
187.998 199.029 280.362 181.011
184.998 199.036 277.57 180.886
181.998 199.044 274.497 181.574
178.998 199.051 267.599 185.567
175.998 199.059 259.992 181.668
172.998 199.066 257.107 184.169
169.998 199.074 257.683 182.395
166.998 199.081 255.594 183.892
163.998 199.089 249.966 184.191
160.998 199.096 251.465 183.404
157.998 199.104 252.555 182.505
154.998 199.111 252.255 184.247
151.998 199.119 253.982 179.592
148.998 199.126 246.98 176.809
145.998 199.134 248.092 172.455
142.998 199.141 247.347 169.103
139.998 199.149 240.707 174.021
136.998 199.156 236.717 174.689
133.998 199.164 232.568 172.919
130.998 199.171 232.923 168.186
127.998 199.179 228.744 170.762
124.998 199.186 223.057 172.401
121.998 199.194 219.211 170.668
118.998 199.201 212.512 175.29
115.998 199.209 208.162 171.864
112.998 199.216 200.866 175.48
109.998 199.224 197.97 177.909
106.998 199.231 191.95 175.214
103.998 199.239 192.434 178.421
100.998 199.246 191.551 177.639
97.9979 199.254 188.762 179.838
94.9979 199.261 184.538 180.187
91.9979 199.269 181.183 177.117
88.998 199.276 179.87 181.425
85.998 199.284 171.907 181.687
82.998 199.291 170.411 180.594
79.998 199.299 168.725 180.183
76.998 199.306 166.616 183.003
73.998 199.314 159.822 185.28
70.998 199.321 153.351 186.7
67.998 199.329 150.757 191.05
64.998 199.336 150.851 187.882
61.998 199.344 142.957 186.918
58.998 199.351 141.232 188.121
55.998 199.359 142.733 189.491
52.998 199.366 139.997 188.466
49.9981 199.374 133.657 190.28
46.9981 199.381 132.392 194.766
43.9981 199.389 130.803 195.782
40.9981 199.396 128.903 194.335
37.9981 199.404 121.684 197.889
34.9981 199.411 116.228 197.868
31.9981 199.419 116.257 199.328
28.9981 199.426 109.106 203.897
25.9981 199.434 106.857 207.825
22.9981 199.442 108.823 209.806
19.9981 199.449 102.386 209.951
16.9981 199.457 100.331 208.815
13.9982 199.464 94.9145 209.061
10.9982 199.472 89.0871 209.493
7.99818 199.479 84.0436 213.894
4.99819 199.487 76.9268 217.194
1.9982 199.494 70.8455 217.19
-1.00179 199.502 63.073 219.308
-4.00178 199.509 61.7758 221.387
-7.00177 199.517 58.2495 221.419
-10.0018 199.524 59.3708 223.01
-13.0018 199.532 59.1942 222.029
-16.0017 199.539 54.3518 224.203
-19.0017 199.547 46.9631 227.113
-22.0017 199.554 46.5088 231.876
-25.0017 199.562 43.9271 235.767
-28.0017 199.569 39.3407 236.211
-31.0017 199.577 35.9441 237.882
-34.0017 199.584 37.069 239.294
-37.0017 199.592 34.6057 238.196
-40.0017 199.599 34.487 238.241
-43.0017 199.607 29.6398 233.402
-46.0017 199.614 25.1267 232.296
-49.0016 199.622 25.9504 234.376
-52.0016 199.629 26.5713 232.246
-55.0016 199.637 19.8059 231.845
-58.0016 199.644 14.4308 230.054
-61.0016 199.652 13.1464 229.12
-64.0016 199.659 10.9178 227.576
-67.0016 199.667 6.88812 226.222
-70.0016 199.674 6.39767 225.902
-73.0016 199.682 -1.16728 223.678
-76.0016 199.689 -7.66347 226.046
-79.0016 199.697 -12.1612 227.44
-82.0016 199.704 -19.1365 224.298
-85.0016 199.712 -26.9013 225.753
-88.0015 199.719 -31.1822 229.298
-91.0015 199.727 -38.3121 229.774
-94.0015 199.734 -44.5285 227.862
-97.0015 199.742 -42.6536 228.573
-100.002 199.749 -43.5952 224.007
-103.002 199.757 -48.7109 224.523
-106.002 199.765 -47.525 228.651
-109.001 199.772 -51.27 233.011
-112.001 199.78 -54.6037 234.122
-115.001 199.787 -58.6013 233.165
-118.001 199.795 -63.0732 229.478
-121.001 199.802 -70.7154 234.093
-124.001 199.81 -73.4059 234.627
-127.001 199.817 -74.6088 239.099
-130.001 199.825 -81.0316 240.763
-133.001 199.832 -87.4048 242.937
-136.001 199.84 -94.4151 245.584
-139.001 199.847 -101.554 243.158
-142.001 199.855 -104.825 244.902
-145.001 199.862 -106.413 243.067
-148.001 199.87 -113.821 243.325
-151.001 199.877 -112.444 242.608
-154.001 199.885 -113.186 243.6
-157.001 199.892 -120.209 240.425
-160.001 199.9 -126.756 245.248
-163.001 199.907 -126.04 245.02
-166.001 199.915 -131.803 244.615
-169.001 199.922 -135.189 243.528
-172.001 199.93 -137.52 241.479
-175.001 199.937 -139.177 238.943
-178.001 199.945 -140.755 239.559
-181.001 199.952 -145.478 238.093
-184.001 199.96 -148.141 240.687
-187.001 199.967 -148.593 240.176
-190.001 199.975 -149.337 242.553
-193.001 199.982 -147.915 240.734
-196.001 199.99 -151.477 238.205
-199.001 199.997 -152.631 242.169
-199.001 199.997 -150.833 244.488
-199.001 199.997 -153.993 246.383
-199.001 199.997 -154.922 242.2
-199.001 199.997 -153.813 242.403
-199.001 199.997 -151.599 238.865
-199.001 199.997 -155.632 243.149
-199.001 199.997 -156.348 244.716
-199.001 199.997 -159.034 239.938
-199.001 199.997 -154.606 238.753
-199.001 199.997 -151.93 238.67
-199.001 199.997 -149.902 239.792
-199.001 199.997 -152.433 237.794
-199.001 199.997 -153.687 234.667
-199.001 199.997 -151.296 230.174
-199.001 199.997 -148.382 227.872
-199.001 199.997 -151.706 227.267
-199.001 199.997 -151.196 227.825
-199.001 199.997 -148.927 225.371
-199.001 199.997 -149.423 222.172
-199.001 199.997 -152.023 226.562
-199.001 199.997 -155.176 222.933
-199.001 199.997 -155.496 218.67
-199.001 199.997 -151.401 217.492
-199.001 199.997 -150.528 220.308
-199.001 199.997 -149.131 218.239
-199.001 199.997 -147.538 219.446
-199.001 199.997 -144.186 215.954
-199.001 199.997 -139.425 217.601
-199.001 199.997 -137.582 218.416
-199.001 199.997 -138.886 219.597
-199.001 199.997 -140.241 222.511
-199.001 199.997 -140.134 218.94
-199.001 199.997 -136.534 218.308
-199.001 199.997 -133.575 213.988
-199.001 199.997 -136.342 210.629
-199.001 199.997 -136.229 206.808
-199.001 199.997 -134.818 203.067
-199.001 199.997 -133.335 206.686
-199.001 199.997 -131.388 207.195
-199.001 199.997 -134.843 206.386
-199.001 199.997 -138.626 201.945
-199.001 199.997 -139.962 201.387
-199.001 199.997 -141.036 198.948
-199.001 199.997 -143.449 197.205
-199.001 199.997 -142.346 201.945
-199.001 199.997 -137.697 202.673
-199.001 199.997 -140.975 202.43
-199.009 196.998 -139.985 202.684
-199.016 193.998 -136.222 194.711
-199.024 190.998 -140.574 187.252
-199.031 187.998 -141.341 180.597
-199.039 184.998 -138.276 175.573
-199.046 181.998 -137.965 168.143
-199.054 178.998 -140.229 162.702
-199.061 175.998 -143.152 161.381
-199.069 172.998 -143.638 157.974
-199.076 169.998 -144.186 152.99
-199.083 166.998 -141.928 148.642
-199.091 163.998 -146.401 148.851
-199.098 160.998 -147.569 143.792
-199.106 157.998 -151.192 139.084
-199.113 154.998 -154.612 131.612
-199.121 151.998 -158.197 125.954
-199.128 148.998 -160.497 125.509
-199.136 145.998 -161.733 126.021
-199.143 142.998 -158.707 120.689
-199.151 139.998 -153.723 118.272
-199.158 136.998 -150.33 115.25
-199.166 133.998 -149.632 108.496
-199.173 130.998 -144.759 102.181
-199.181 127.998 -147.909 103.488
-199.188 124.998 -143.424 101.249
-199.196 121.998 -140.305 97.3714
-199.203 118.998 -142.555 98.6646
-199.211 115.998 -142.271 92.1208
-199.218 112.998 -138.102 84.25
-199.226 109.998 -139.568 80.2225
-199.233 106.998 -138.496 78.4713
-199.241 103.998 -143.147 76.5
-199.248 100.998 -145.945 75.3736
-199.256 97.9979 -142.272 68.6924
-199.263 94.9979 -139.14 60.7912
-199.271 91.9979 -142.625 54.6546
-199.278 88.998 -143.157 52.9963
-199.286 85.998 -142.263 52.2661
-199.293 82.998 -138.182 50.5966
-199.301 79.998 -139.461 48.1079
-199.308 76.998 -138.92 48.6286
-199.316 73.998 -139.422 40.8234
-199.323 70.998 -141.059 35.2198
-199.331 67.998 -143.887 28.5307
-199.338 64.998 -146.03 20.5763
-199.346 61.998 -150.252 13.0726
-199.353 58.998 -146.622 7.67351
-199.361 55.998 -148 8.39663
-199.368 52.998 -151.797 1.28533
-199.376 49.9981 -153.133 -2.12696
-199.383 46.9981 -154.414 -3.4962
-199.391 43.9981 -156.161 -9.30588
-199.398 40.9981 -154.805 -10.2975
-199.406 37.9981 -153.076 -10.2644
-199.413 34.9981 -155.2 -9.18938
-199.421 31.9981 -151.764 -17.1021
-199.428 28.9981 -150.58 -17.2657
-199.436 25.9981 -154.687 -25.2135
-199.443 22.9981 -151.407 -30.2068
-199.451 19.9981 -155.232 -31.8184
-199.458 16.9981 -158.452 -30.2332
-199.466 13.9982 -154.497 -31.79
-199.473 10.9982 -159.077 -33.0305
-199.481 7.99818 -160.233 -37.6412
-199.488 4.99819 -156.151 -45.3092
-199.496 1.9982 -158.038 -47.1724
-199.503 -1.00179 -159.592 -45.6887
-199.511 -4.00178 -156.807 -52.2852
-199.518 -7.00177 -156.47 -54.7381
-199.526 -10.0018 -158.019 -59.3388
-199.533 -13.0018 -161.73 -60.7027
-199.541 -16.0017 -158.436 -68.332
-199.548 -19.0017 -159.917 -70.9731
-199.555 -22.0017 -157.027 -78.9603
-199.563 -25.0017 -154.456 -81.2855
-199.57 -28.0017 -151.909 -86.1717
-199.578 -31.0017 -154.995 -85.6334
-199.585 -34.0017 -155.285 -84.9802
-199.593 -37.0017 -160.162 -88.6485
-199.6 -40.0017 -156.296 -88.5874
-199.608 -43.0017 -151.313 -93.0312
-199.615 -46.0017 -151.859 -95.2447
-199.623 -49.0017 -151.297 -95.3227
-199.63 -52.0016 -149.15 -96.3315
-199.638 -55.0016 -153.549 -102.315
-199.645 -58.0016 -154.702 -104.285
-199.653 -61.0016 -153.626 -108.887
-199.66 -64.0016 -155.624 -107.607
-199.668 -67.0016 -151.689 -110.368
-199.675 -70.0016 -148.353 -112.263
-199.683 -73.0016 -150.722 -110.902
-199.69 -76.0016 -149.933 -110.976
-199.698 -79.0016 -145.03 -118.065
-199.705 -82.0016 -145.291 -121.505
-199.713 -85.0016 -142.282 -121.542
-199.72 -88.0015 -144.225 -120.598
-199.728 -91.0015 -144.522 -118.759
-199.735 -94.0015 -144.539 -119.966
-199.743 -97.0015 -142.093 -126.875
-199.75 -100.002 -139.257 -131.863
-199.758 -103.002 -136.339 -137.706
-199.765 -106.002 -140.227 -138.83
-199.773 -109.001 -136.24 -145.89
-199.78 -112.001 -133.097 -149.876
-199.788 -115.001 -136.751 -148.75
-199.795 -118.001 -132.366 -149.768
-199.803 -121.001 -135.374 -154.033
-199.81 -124.001 -138.193 -161.786
-199.818 -127.001 -142.58 -163.773
-199.825 -130.001 -146.045 -163.162
-199.833 -133.001 -141.053 -171.144
-199.84 -136.001 -140.832 -176.77
-199.848 -139.001 -139.555 -182.526
-199.855 -142.001 -140.061 -189.613
-199.863 -145.001 -143.88 -194.521
-199.87 -148.001 -143.512 -197.441
-199.878 -151.001 -146.393 -199.29
-199.885 -154.001 -145.827 -204.487
-199.893 -157.001 -150.506 -205.888
-199.9 -160.001 -153.437 -213.251
-199.908 -163.001 -150.31 -215.081
-199.915 -166.001 -152.816 -214.279
-199.923 -169.001 -150.469 -215.179
-199.93 -172.001 -150.842 -218.29
-199.938 -175.001 -155.511 -219.704
-199.945 -178.001 -153.545 -225.175
-199.953 -181.001 -157.858 -228.738
-199.96 -184.001 -156.721 -226.759
-199.968 -187.001 -154.951 -230.351
-199.975 -190.001 -159.67 -233.453
-199.983 -193.001 -163.431 -232.572
-199.99 -196.001 -166.209 -235.836
-199.998 -199.001 -162.559 -240.268
-199.998 -199.001 -167.116 -237.719
-199.998 -199.001 -164.265 -242.026
-199.998 -199.001 -169.22 -240.493
-199.998 -199.001 -171.675 -237.469
-199.998 -199.001 -173.292 -237.714
-199.998 -199.001 -174.079 -237.637
-199.998 -199.001 -171.35 -241.88
-199.998 -199.001 -169.921 -242.463
-199.998 -199.001 -169.539 -246.291
-199.998 -199.001 -167.621 -245.247
-199.998 -199.001 -172.196 -240.877
-199.998 -199.001 -175.261 -242.126
-199.998 -199.001 -172.41 -246.895
-199.998 -199.001 -176.301 -251.187
-199.998 -199.001 -175.757 -255.219
-196.998 -199.009 -170.555 -250.514
-193.998 -199.016 -169.216 -249.533
-190.998 -199.024 -166.986 -254.31
-187.998 -199.031 -164.371 -252.204
-184.998 -199.039 -165.529 -256.046
-181.998 -199.046 -159.324 -258.546
-178.998 -199.054 -155.166 -259.465
-175.998 -199.061 -153.835 -254.578
-172.998 -199.069 -147.978 -254.864
-169.998 -199.076 -144.216 -256.861
-166.998 -199.083 -139.89 -257.13
-163.998 -199.091 -139.805 -258.808
-160.998 -199.098 -140.75 -258.943
-157.998 -199.106 -140.375 -259.469
-154.998 -199.113 -134.039 -259.579
-151.998 -199.121 -132.754 -259.208
-148.998 -199.128 -126.823 -263.734
-145.998 -199.136 -124.037 -266.813
-142.998 -199.143 -117.873 -263.743
-139.998 -199.151 -117.73 -260.525
-136.998 -199.158 -118.022 -260.277
-133.998 -199.166 -116.237 -256.058
-130.998 -199.173 -109.407 -253.25
-127.998 -199.181 -104.957 -250.948
-124.998 -199.188 -97.3395 -251.404
-121.998 -199.196 -91.6435 -255.172
-118.998 -199.203 -92.1594 -259.736
-115.998 -199.211 -88.1042 -259.991
-112.998 -199.218 -85.8237 -259.87
-109.998 -199.226 -78.5879 -262.16
-106.998 -199.233 -71.8889 -261.39
-103.998 -199.241 -67.0886 -262.195
-100.998 -199.248 -61.3216 -260.33
-97.9979 -199.256 -57.2746 -262.194
-94.998 -199.263 -52.0043 -264.019
-91.998 -199.271 -52.5176 -268.513
-88.998 -199.278 -51.9232 -269.957
-85.998 -199.286 -51.0266 -271.593
-82.998 -199.293 -46.3647 -270.1
-79.998 -199.301 -47.2085 -274.34
-76.998 -199.308 -39.3228 -270.977
-73.998 -199.316 -33.061 -274.433
-70.998 -199.323 -32.0336 -271.677
-67.998 -199.331 -27.6447 -272.656
-64.998 -199.338 -22.4598 -271.012
-61.998 -199.346 -19.0698 -268.527
-58.998 -199.353 -11.9782 -265.257
-55.9981 -199.361 -12.7961 -269.548
-52.9981 -199.368 -8.66066 -269.859
-49.9981 -199.376 -3.17021 -266.967
-46.9981 -199.383 2.65412 -265.898
-43.9981 -199.391 6.651 -268.921
-40.9981 -199.398 11.1986 -264.902
-37.9981 -199.406 19.0236 -261.528
-34.9981 -199.413 22.0408 -261.716
-31.9981 -199.421 21.9256 -262.629
-28.9981 -199.428 20.5903 -258.82
-25.9981 -199.436 21.5501 -261.687
-22.9981 -199.443 21.8669 -260.473
-19.9982 -199.451 21.0585 -262.691
-16.9982 -199.458 28.6991 -265.295
-13.9982 -199.466 32.9919 -266.384
-10.9982 -199.473 37.1169 -264.325
-7.99819 -199.481 36.8319 -262.002
-4.9982 -199.488 34.8722 -261.175
-1.99821 -199.496 37.4982 -265.439
1.00178 -199.503 42.5611 -268.89
4.00177 -199.511 44.1107 -265.465
7.00176 -199.518 43.8438 -263.296
10.0017 -199.526 47.6786 -263.969
13.0017 -199.533 52.4356 -268.546
16.0017 -199.541 54.4031 -268.629
19.0017 -199.548 58.543 -272.7
22.0017 -199.555 62.6543 -274.008
25.0017 -199.563 61.5204 -270.245
28.0017 -199.57 65.2268 -275.088
31.0017 -199.578 66.3413 -271.732
34.0017 -199.585 73.9902 -271.258
37.0017 -199.593 80.9013 -275.373
40.0017 -199.6 80.6819 -271.447
43.0017 -199.608 87.3452 -269.463
46.0016 -199.615 93.3729 -270.954
49.0016 -199.623 91.6506 -274.969
52.0016 -199.63 98.1668 -277.832
55.0016 -199.638 103.779 -275.303
58.0016 -199.645 110.867 -273.148
61.0016 -199.653 116.109 -270.276
64.0016 -199.66 117.246 -268.3
67.0016 -199.668 119.272 -264.42
70.0016 -199.675 122.217 -265.006
73.0016 -199.683 127.528 -266.758
76.0016 -199.69 128.552 -268.979
79.0016 -199.698 131.771 -267.131
82.0015 -199.705 135.434 -267.761
85.0015 -199.713 134.373 -271.631
88.0015 -199.72 133.234 -271.054
91.0015 -199.728 132.064 -275.862
94.0015 -199.735 133.782 -273.231
97.0015 -199.743 133.743 -273.592
100.002 -199.75 133.407 -274.506
103.001 -199.758 134.275 -270.254
106.001 -199.765 136.234 -274.316
109.001 -199.773 134.901 -275.145
112.001 -199.78 135.525 -270.776
115.001 -199.788 140.535 -270.221
118.001 -199.795 142.583 -275.228
121.001 -199.803 144.882 -279.221
124.001 -199.81 147.874 -279.443
127.001 -199.818 154.312 -282.92
130.001 -199.825 159.353 -286.863
133.001 -199.833 163.038 -283.574
136.001 -199.84 170.099 -284.861
139.001 -199.848 172.194 -282.082
142.001 -199.855 171.728 -285.367
145.001 -199.863 176.476 -282.803
148.001 -199.87 174.922 -278.11
151.001 -199.878 179.798 -274.126
154.001 -199.885 182.152 -274.111
157.001 -199.893 188.546 -275.73
160.001 -199.9 193.382 -278.234
163.001 -199.908 201.305 -282.107
166.001 -199.915 207.687 -280.744
169.001 -199.923 210.976 -278.923
172.001 -199.93 218.674 -281.139
175.001 -199.938 218.83 -280.038
178.001 -199.945 217.842 -280.399
181.001 -199.953 220.447 -282.276
184.001 -199.96 219.945 -284.797
187.001 -199.968 223.734 -282.83
190.001 -199.975 226.323 -281.38
193.001 -199.983 232.411 -284.637
196.001 -199.99 232.098 -280.784
199.001 -199.998 239.49 -281.678
199.001 -199.998 243.85 -280.429
199.001 -199.998 241.567 -279.469
199.001 -199.998 239.553 -275.379
199.001 -199.998 236.668 -276.449
199.001 -199.998 241.092 -280.447
199.001 -199.998 236.528 -276.335
199.001 -199.998 239.963 -272.273
199.001 -199.998 237.73 -272.101
199.001 -199.998 241.938 -269.792
199.001 -199.998 244.242 -271.34
199.001 -199.998 244.724 -268.063
199.001 -199.998 247.973 -268.953
199.001 -199.998 247.526 -271.687
199.001 -199.998 245.733 -274.161
199.001 -199.998 242.479 -273.659
199.001 -199.998 247.21 -275.252
199.001 -199.998 246.073 -276.667
199.009 -196.998 244.717 -275.748
199.016 -193.998 246.899 -268.348
199.024 -190.998 245.333 -267.301
199.031 -187.998 249 -259.612
199.039 -184.998 244.498 -254.437
199.046 -181.998 245.619 -247.29
199.054 -178.998 242.721 -247.85
199.061 -175.998 239.821 -249.581
199.068 -172.998 242.85 -244.79
199.076 -169.998 242.342 -241.857
199.083 -166.998 242.558 -239.415
199.091 -163.998 238.162 -236.249
199.098 -160.998 238.068 -236.083
199.106 -157.998 237.556 -237.331
199.113 -154.998 238.002 -234.594
199.121 -151.998 235.576 -229.892
199.128 -148.998 232.088 -227.58
199.136 -145.998 228.009 -225.749
199.143 -142.998 232.175 -218.961
199.151 -139.998 229.014 -218.711
199.158 -136.998 225.407 -220.564
199.166 -133.998 225.288 -214.232
199.173 -130.998 228.956 -212.905
199.181 -127.998 226.174 -209.958
199.188 -124.998 227.841 -202.394
199.196 -121.998 226.226 -197.517
199.203 -118.998 225.144 -190.011
199.211 -115.998 225.761 -191.319
199.218 -112.998 223.02 -192.735
199.226 -109.998 226.78 -191.95
199.233 -106.998 225.223 -185.405
199.241 -103.998 227.434 -181.612
199.248 -100.998 223.4 -173.62
199.256 -97.9979 221.39 -165.976
199.263 -94.998 222.714 -161.623
199.271 -91.998 225.253 -163.61
199.278 -88.998 222.398 -157.124
199.286 -85.998 222.772 -149.137
199.293 -82.998 223.577 -143.725
199.301 -79.998 219.523 -143.932
199.308 -76.998 224.359 -136.603
199.316 -73.998 228.686 -133.805
199.323 -70.998 231.51 -134.561
199.331 -67.998 226.62 -128.344
199.338 -64.998 224.658 -120.534
199.346 -61.998 220.569 -113.512
199.353 -58.998 221.236 -109.921
199.361 -55.9981 223.147 -111.788
199.368 -52.9981 222.293 -108.08
199.376 -49.9981 219.565 -107.647
199.383 -46.9981 218.353 -106.569
199.391 -43.9981 214.533 -104.277
199.398 -40.9981 213.799 -103.189
199.406 -37.9981 209.581 -95.2117
199.413 -34.9981 206.475 -93.3893
199.421 -31.9981 202.056 -92.0127
199.428 -28.9981 203.703 -92.0612
199.436 -25.9981 205.336 -85.0261
199.443 -22.9981 200.53 -83.8627
199.451 -19.9982 201.133 -78.4119
199.458 -16.9982 198.638 -71.3093
199.466 -13.9982 198.838 -70.0989
199.473 -10.9982 196.074 -70.1494
199.481 -7.99819 196.568 -69.7577
199.488 -4.9982 200.893 -67.8056
199.496 -1.99821 200.393 -64.6223
199.503 1.00178 204.943 -61.3525
199.511 4.00177 206.586 -60.071
199.518 7.00176 209.832 -55.6023
199.526 10.0017 211.435 -50.9263
199.533 13.0017 213.35 -48.7953
199.54 16.0017 209.266 -45.5608
199.548 19.0017 205.567 -42.7468
199.555 22.0017 201.518 -44.6172
199.563 25.0017 205.531 -36.8458
199.57 28.0017 202.003 -33.9105
199.578 31.0017 203.595 -35.7924
199.585 34.0017 200.417 -32.9287
199.593 37.0017 200.873 -29.8549
199.6 40.0017 196.472 -27.0522
199.608 43.0017 198.752 -22.3281
199.615 46.0016 200.861 -19.5644
199.623 49.0016 196.41 -12.8917
199.63 52.0016 193.379 -12.2169
199.638 55.0016 189.549 -8.22384
199.645 58.0016 184.686 -4.27304
199.653 61.0016 183.714 0.614211
199.66 64.0016 182.961 5.08626
199.668 67.0016 183.107 10.7907
199.675 70.0016 178.484 15.493
199.683 73.0016 173.677 17.4068
199.69 76.0016 175.73 18.7907
199.698 79.0016 171.788 24.0263
199.705 82.0015 170.08 28.2075
199.713 85.0015 166.347 34.5195
199.72 88.0015 163.729 36.2036
199.728 91.0015 163.652 40.1538
199.735 94.0015 165.445 46.1244
199.743 97.0015 163.81 47.2187
199.75 100.002 161.204 54.5538
199.758 103.001 164.738 55.7303
199.765 106.001 160.803 59.901
199.773 109.001 159.182 60.7684
199.78 112.001 163.828 63.5012
199.788 115.001 161.288 66.4348
199.795 118.001 165.161 70.4596
199.803 121.001 161.003 71.6532
199.81 124.001 162.968 74.4921
199.818 127.001 164.81 81.244
199.825 130.001 166.744 88.7877
199.833 133.001 166.556 89.8728
199.84 136.001 168.155 90.7271
199.848 139.001 167.545 89.288
199.855 142.001 166.227 91.1579
199.863 145.001 161.969 96.4023
199.87 148.001 159.532 97.3477
199.878 151.001 158.748 103.145
199.885 154.001 157.552 102.94
199.893 157.001 154.908 107.946
199.9 160.001 151.485 114.998
199.908 163.001 151.536 113.763
199.915 166.001 146.766 118.595
199.923 169.001 145.292 122.052
199.93 172.001 146.9 126.309
199.938 175.001 151.884 124.79
199.945 178.001 149.43 130.133
199.953 181.001 144.575 130.6
199.96 184.001 144.322 132.231
199.968 187.001 148.561 135.634
199.975 190.001 153.558 133.675
199.983 193.001 150.561 132.211
199.99 196.001 148.461 137.502
199.998 199.001 146.849 140.755
199.998 199.001 145.303 140.332
199.998 199.001 144.954 135.926
199.998 199.001 147.296 138.684
199.998 199.001 151.537 143.357
199.998 199.001 154.423 143.975
199.998 199.001 150.736 147.04
199.998 199.001 148.932 150
199.998 199.001 148.321 152.124
199.998 199.001 143.86 147.926
199.998 199.001 143.57 143.61
199.998 199.001 143.48 143.444
199.998 199.001 147.268 138.889
199.998 199.001 151.815 141.09
199.998 199.001 150.782 141.93
199.998 199.001 147.098 137.581
199.998 199.001 151.594 134.551
199.998 199.001 153.958 130.857
196.998 199.009 147.439 126.129
193.998 199.016 148.517 122.319
190.998 199.024 149.765 125.67
187.998 199.031 147.973 127.056
184.998 199.039 144.768 130.217
181.998 199.046 140.869 131.051
178.998 199.054 134.393 129.404
175.998 199.061 132.963 127.185
172.998 199.068 131.49 123.276
169.998 199.076 128.524 121.064
166.998 199.083 130.174 121.181
163.998 199.091 122.911 124.29
160.998 199.098 123.934 125.446
157.998 199.106 122.689 125.415
154.998 199.113 120.097 122.96
151.998 199.121 120.645 121.58
148.998 199.128 121.106 120.694
145.998 199.136 121.95 118.542
142.998 199.143 120.628 123.258
139.998 199.151 117.888 122.66
136.998 199.158 117.849 124.417
133.998 199.166 119.565 121.51
130.998 199.173 117.37 122.218
127.998 199.181 119.299 123.275
124.998 199.188 117.422 123.765
121.998 199.196 115.97 127.482
118.998 199.203 117.646 124.713
115.998 199.211 113.739 125.124
112.998 199.218 110.889 127.795
109.998 199.226 104.489 131.465
106.998 199.233 98.6483 129.081
103.998 199.241 93.1551 124.718
100.998 199.248 86.1825 128.006
97.9979 199.256 87.5267 127.795
94.998 199.263 85.1679 127.07
91.998 199.271 85.2297 124.784
88.998 199.278 80.8528 127.169
85.998 199.286 76.2686 122.398
82.998 199.293 75.6062 126.752
79.998 199.301 69.4245 123.974
76.998 199.308 62.2987 123.315
73.998 199.316 62.8848 126.643
70.998 199.323 55.6559 127.423
67.998 199.331 48.9111 123.078
64.998 199.338 45.8249 123.246
61.998 199.346 46.0243 121.222
58.998 199.353 40.2438 117.076
55.9981 199.361 33.1537 116.069
52.9981 199.368 31.5075 120.874
49.9981 199.376 29.2914 123.807
46.9981 199.383 23.542 122.938
43.9981 199.391 20.6711 120.008
40.9981 199.398 20.0486 121.078
37.9981 199.406 19.3827 125.562
34.9981 199.413 16.0748 125.753
31.9981 199.421 10.6041 123.706
28.9981 199.428 4.51919 120.097
25.9981 199.436 -1.08464 122.336
22.9981 199.443 -5.2544 117.537
19.9982 199.451 -3.70881 114.854
16.9982 199.458 -8.7157 115.777
13.9982 199.466 -8.48317 111.336
10.9982 199.473 -7.76814 109.756
7.99819 199.481 -10.0365 107.576
4.9982 199.488 -17.4397 106.739
1.99821 199.496 -19.5711 109.459
-1.00178 199.503 -20.4574 111.572
-4.00177 199.511 -27.9376 113.111
-7.00176 199.518 -30.5509 114.45
-10.0017 199.526 -33.2555 117.022
-13.0017 199.533 -31.8026 120.328
